 days post max Lbol   log_Lbol (erg/s)   log_Lnuc (erg/s)
     -4.870301E-04       4.272700E+01       4.201072E+01
     -4.870301E-04       4.272700E+01       4.201072E+01
     -4.870301E-04       4.272700E+01       4.201072E+01
     -4.870301E-04       4.272700E+01       4.201072E+01
     -4.870301E-04       4.272700E+01       4.201072E+01
     -4.870301E-04       4.272700E+01       4.201072E+01
     -4.870301E-04       4.272700E+01       4.201072E+01
     -4.870301E-04       4.272700E+01       4.201072E+01
     -4.870301E-04       4.272700E+01       4.201072E+01
     -4.870301E-04       4.272700E+01       4.201072E+01
     -4.870301E-04       4.272700E+01       4.201072E+01
     -4.870301E-04       4.272700E+01       4.201072E+01
     -4.870301E-04       4.272700E+01       4.201072E+01
     -4.870301E-04       4.272700E+01       4.201072E+01
     -4.870301E-04       4.272700E+01       4.201072E+01
     -4.870301E-04       4.272700E+01       4.201072E+01
     -4.870301E-04       4.272700E+01       4.201072E+01
     -4.870301E-04       4.272700E+01       4.201072E+01
     -4.870301E-04       4.272700E+01       4.201072E+01
     -4.870301E-04       4.272700E+01       4.201072E+01
     -4.870301E-04       4.272700E+01       4.201072E+01
     -4.870301E-04       4.272700E+01       4.201072E+01
     -4.870301E-04       4.272700E+01       4.201072E+01
     -4.870301E-04       4.272700E+01       4.201072E+01
     -4.870301E-04       4.272700E+01       4.201072E+01
     -4.870301E-04       4.272700E+01       4.201072E+01
     -4.870301E-04       4.272700E+01       4.201072E+01
     -4.870301E-04       4.272700E+01       4.201072E+01
     -4.870301E-04       4.272700E+01       4.201072E+01
     -4.870301E-04       4.272700E+01       4.201072E+01
     -4.870301E-04       4.272700E+01       4.201072E+01
     -4.870301E-04       4.272700E+01       4.201072E+01
     -4.870301E-04       4.272700E+01       4.201072E+01
     -4.870301E-04       4.272700E+01       4.201072E+01
     -4.870301E-04       4.272700E+01       4.201072E+01
     -4.870301E-04       4.272700E+01       4.201072E+01
     -4.870301E-04       4.272700E+01       4.201072E+01
     -4.870301E-04       4.272700E+01       4.201072E+01
     -4.870301E-04       4.272700E+01       4.201072E+01
     -4.870301E-04       4.272700E+01       4.201072E+01
     -4.870300E-04       4.272700E+01       4.201072E+01
     -4.870300E-04       4.272700E+01       4.201072E+01
     -4.870300E-04       4.272700E+01       4.201072E+01
     -4.870300E-04       4.272700E+01       4.201072E+01
     -4.870300E-04       4.272700E+01       4.201072E+01
     -4.870300E-04       4.272700E+01       4.201072E+01
     -4.870299E-04       4.272700E+01       4.201072E+01
     -4.870298E-04       4.272700E+01       4.201072E+01
     -4.870297E-04       4.272700E+01       4.201072E+01
     -4.870292E-04       4.272700E+01       4.201072E+01
     -4.870287E-04       4.272700E+01       4.201072E+01
     -4.870282E-04       4.272700E+01       4.201072E+01
     -4.870271E-04       4.272700E+01       4.201072E+01
     -4.870259E-04       4.272700E+01       4.201072E+01
     -4.870248E-04       4.272700E+01       4.201072E+01
     -4.870237E-04       4.272700E+01       4.201072E+01
     -4.870210E-04       4.272700E+01       4.201072E+01
     -4.870184E-04       4.272700E+01       4.201072E+01
     -4.870158E-04       4.272700E+01       4.201072E+01
     -4.870131E-04       4.272700E+01       4.201072E+01
     -4.870073E-04       4.272700E+01       4.201072E+01
     -4.870015E-04       4.272700E+01       4.201072E+01
     -4.869957E-04       4.272700E+01       4.201072E+01
     -4.869899E-04       4.272700E+01       4.201072E+01
     -4.869772E-04       4.272700E+01       4.201072E+01
     -4.869645E-04       4.272700E+01       4.201072E+01
     -4.869518E-04       4.272700E+01       4.201072E+01
     -4.869390E-04       4.272700E+01       4.201072E+01
     -4.869123E-04       4.272700E+01       4.201072E+01
     -4.868855E-04       4.272700E+01       4.201072E+01
     -4.868320E-04       4.272700E+01       4.201072E+01
     -4.867226E-04       4.272700E+01       4.201072E+01
     -4.865054E-04       4.272700E+01       4.201072E+01
     -4.859822E-04       4.272700E+01       4.201072E+01
     -4.853817E-04       4.272700E+01       4.201072E+01
     -4.846640E-04       4.272700E+01       4.201072E+01
     -4.839463E-04       4.272700E+01       4.201072E+01
     -4.833544E-04       4.272700E+01       4.201072E+01
     -4.827625E-04       4.272700E+01       4.201072E+01
     -4.821706E-04       4.272700E+01       4.201072E+01
     -4.806256E-04       4.272700E+01       4.201072E+01
     -4.796726E-04       4.272700E+01       4.201072E+01
     -4.777665E-04       4.272700E+01       4.201072E+01
     -4.753648E-04       4.272700E+01       4.201072E+01
     -4.729632E-04       4.272700E+01       4.201072E+01
     -4.702410E-04       4.272700E+01       4.201072E+01
     -4.656769E-04       4.272700E+01       4.201072E+01
     -4.614731E-04       4.272700E+01       4.201072E+01
     -4.560669E-04       4.272700E+01       4.201072E+01
     -4.489537E-04       4.272700E+01       4.201072E+01
     -4.435852E-04       4.272700E+01       4.201072E+01
     -4.362803E-04       4.272700E+01       4.201072E+01
     -4.289911E-04       4.272700E+01       4.201072E+01
     -4.216871E-04       4.272700E+01       4.201072E+01
     -4.135916E-04       4.272700E+01       4.201072E+01
     -4.059296E-04       4.272700E+01       4.201072E+01
     -3.993857E-04       4.272700E+01       4.201072E+01
     -3.955462E-04       4.272700E+01       4.201072E+01
     -3.920206E-04       4.272700E+01       4.201072E+01
     -3.887059E-04       4.272700E+01       4.201072E+01
     -3.855693E-04       4.272700E+01       4.201072E+01
     -3.825149E-04       4.272700E+01       4.201072E+01
     -3.794822E-04       4.272700E+01       4.201072E+01
     -3.762554E-04       4.272700E+01       4.201072E+01
     -3.723242E-04       4.272700E+01       4.201072E+01
     -3.682422E-04       4.272700E+01       4.201072E+01
     -3.643404E-04       4.272700E+01       4.201072E+01
     -3.603409E-04       4.272700E+01       4.201072E+01
     -3.559933E-04       4.272700E+01       4.201072E+01
     -3.513499E-04       3.849300E+01       4.201072E+01
     -3.468590E-04       3.849200E+01       4.201072E+01
     -3.422810E-04       3.849200E+01       4.201072E+01
     -3.375405E-04       3.849100E+01       4.201072E+01
     -3.331787E-04       3.849100E+01       4.201072E+01
     -3.289852E-04       3.849100E+01       4.201072E+01
     -3.278951E-04       3.849100E+01       4.201072E+01
     -3.259330E-04       3.849100E+01       4.201072E+01
     -3.221589E-04       3.849100E+01       4.201072E+01
     -3.184057E-04       3.849100E+01       4.201072E+01
     -3.147341E-04       3.849000E+01       4.201072E+01
     -3.111475E-04       3.849000E+01       4.201072E+01
     -3.080528E-04       3.849000E+01       4.201072E+01
     -3.046211E-04       3.849000E+01       4.201072E+01
     -3.007243E-04       3.849000E+01       4.201072E+01
     -2.966479E-04       3.849000E+01       4.201072E+01
     -2.927140E-04       3.849000E+01       4.201072E+01
     -2.912348E-04       3.849000E+01       4.201072E+01
     -2.897555E-04       3.849000E+01       4.201072E+01
     -2.867228E-04       3.849000E+01       4.201072E+01
     -2.824561E-04       3.849000E+01       4.201072E+01
     -2.781738E-04       3.849000E+01       4.201072E+01
     -2.758102E-04       3.849000E+01       4.201072E+01
     -2.758102E-04       3.849000E+01       4.201072E+01
     -2.758102E-04       3.849000E+01       4.201072E+01
     -2.758102E-04       3.849000E+01       4.201072E+01
     -2.758101E-04       3.849000E+01       4.201072E+01
     -2.758092E-04       3.849000E+01       4.201072E+01
     -2.757547E-04       3.849000E+01       4.201072E+01
     -2.746813E-04       3.849000E+01       4.201072E+01
     -2.739211E-04       3.849000E+01       4.201072E+01
     -2.739211E-04       3.849000E+01       4.201072E+01
     -2.739211E-04       3.849000E+01       4.201072E+01
     -2.739208E-04       3.849000E+01       4.201072E+01
     -2.739070E-04       3.849000E+01       4.201072E+01
     -2.735795E-04       3.849000E+01       4.201072E+01
     -2.732571E-04       3.849000E+01       4.201072E+01
     -2.732532E-04       3.849000E+01       4.201072E+01
     -2.732492E-04       3.849000E+01       4.201072E+01
     -2.732125E-04       3.849000E+01       4.201072E+01
     -2.729299E-04       3.849000E+01       4.201072E+01
     -2.728101E-04       3.849000E+01       4.201072E+01
     -2.727892E-04       3.849000E+01       4.201072E+01
     -2.727682E-04       3.849000E+01       4.201072E+01
     -2.726509E-04       3.849000E+01       4.201072E+01
     -2.722677E-04       3.849100E+01       4.201072E+01
     -2.718551E-04       3.849100E+01       4.201072E+01
     -2.715421E-04       3.849100E+01       4.201072E+01
     -2.715405E-04       3.849100E+01       4.201072E+01
     -2.715390E-04       3.849100E+01       4.201072E+01
     -2.715248E-04       3.849100E+01       4.201072E+01
     -2.712721E-04       3.849100E+01       4.201072E+01
     -2.707453E-04       3.849100E+01       4.201072E+01
     -2.703820E-04       3.849100E+01       4.201072E+01
     -2.699320E-04       3.849100E+01       4.201072E+01
     -2.698372E-04       3.849100E+01       4.201072E+01
     -2.694836E-04       3.849100E+01       4.201072E+01
     -2.689713E-04       3.849100E+01       4.201072E+01
     -2.688490E-04       3.849100E+01       4.201072E+01
     -2.688443E-04       3.849100E+01       4.201072E+01
     -2.688191E-04       3.849100E+01       4.201072E+01
     -2.684922E-04       3.849100E+01       4.201072E+01
     -2.678549E-04       3.849100E+01       4.201072E+01
     -2.671484E-04       3.849100E+01       4.201072E+01
     -2.664376E-04       3.849100E+01       4.201072E+01
     -2.661465E-04       3.849100E+01       4.201072E+01
     -2.661318E-04       3.849100E+01       4.201072E+01
     -2.661172E-04       3.849100E+01       4.201072E+01
     -2.660351E-04       3.849100E+01       4.201072E+01
     -2.656137E-04       3.849100E+01       4.201072E+01
     -2.649646E-04       3.849100E+01       4.201072E+01
     -2.649530E-04       3.849100E+01       4.201072E+01
     -2.649367E-04       3.849100E+01       4.201072E+01
     -2.647830E-04       3.849100E+01       4.201072E+01
     -2.642806E-04       3.849100E+01       4.201072E+01
     -2.638459E-04       3.849100E+01       4.201072E+01
     -2.636256E-04       3.849100E+01       4.201072E+01
     -2.630752E-04       3.849100E+01       4.201072E+01
     -2.623571E-04       3.849100E+01       4.201072E+01
     -2.616597E-04       3.849100E+01       4.201072E+01
     -2.613147E-04       3.849100E+01       4.201072E+01
     -2.613076E-04       3.849100E+01       4.201072E+01
     -2.612982E-04       3.849100E+01       4.201072E+01
     -2.610873E-04       3.849100E+01       4.201072E+01
     -2.605510E-04       3.849100E+01       4.201072E+01
     -2.602128E-04       3.849100E+01       4.201072E+01
     -2.600387E-04       3.849100E+01       4.201072E+01
     -2.597241E-04       3.849100E+01       4.201072E+01
     -2.592279E-04       3.849100E+01       4.201072E+01
     -2.585707E-04       3.849100E+01       4.201072E+01
     -2.580628E-04       3.849100E+01       4.201072E+01
     -2.580567E-04       3.849100E+01       4.201072E+01
     -2.580484E-04       3.849100E+01       4.201072E+01
     -2.578839E-04       3.849100E+01       4.201072E+01
     -2.575176E-04       3.849100E+01       4.201072E+01
     -2.570665E-04       3.849100E+01       4.201072E+01
     -2.565308E-04       3.849100E+01       4.201072E+01
     -2.560145E-04       3.849100E+01       4.201072E+01
     -2.556054E-04       3.849100E+01       4.201072E+01
     -2.550745E-04       3.849100E+01       4.201072E+01
     -2.544608E-04       3.849100E+01       4.201072E+01
     -2.540369E-04       3.849100E+01       4.201072E+01
     -2.535841E-04       3.849100E+01       4.201072E+01
     -2.530323E-04       3.849100E+01       4.201072E+01
     -2.524861E-04       3.849100E+01       4.201072E+01
     -2.520907E-04       3.849100E+01       4.201072E+01
     -2.516016E-04       3.849100E+01       4.201072E+01
     -2.510194E-04       3.849100E+01       4.201072E+01
     -2.505085E-04       3.849100E+01       4.201072E+01
     -2.501009E-04       3.849100E+01       4.201072E+01
     -2.495775E-04       3.849100E+01       4.201072E+01
     -2.489589E-04       3.849100E+01       4.201072E+01
     -2.484198E-04       3.849100E+01       4.201072E+01
     -2.480192E-04       3.849100E+01       4.201072E+01
     -2.474706E-04       3.849100E+01       4.201072E+01
     -2.468430E-04       3.849100E+01       4.201072E+01
     -2.463577E-04       3.849100E+01       4.201072E+01
     -2.458789E-04       3.849100E+01       4.201072E+01
     -2.452640E-04       3.849100E+01       4.201072E+01
     -2.446041E-04       3.849100E+01       4.201072E+01
     -2.441828E-04       3.849100E+01       4.201072E+01
     -2.436745E-04       3.849200E+01       4.201072E+01
     -2.430217E-04       3.849100E+01       4.201072E+01
     -2.423806E-04       3.849100E+01       4.201072E+01
     -2.420192E-04       3.849100E+01       4.201072E+01
     -2.418189E-04       3.849200E+01       4.201072E+01
     -2.416424E-04       3.849200E+01       4.201072E+01
     -2.413541E-04       3.849200E+01       4.201072E+01
     -2.410797E-04       3.849200E+01       4.201072E+01
     -2.404104E-04       3.849200E+01       4.201072E+01
     -2.398644E-04       3.849200E+01       4.201072E+01
     -2.392777E-04       3.849200E+01       4.201072E+01
     -2.385485E-04       3.849200E+01       4.201072E+01
     -2.378432E-04       3.849200E+01       4.201072E+01
     -2.373599E-04       3.849200E+01       4.201072E+01
     -2.367539E-04       3.849200E+01       4.201072E+01
     -2.360401E-04       3.849200E+01       4.201072E+01
     -2.354712E-04       3.849200E+01       4.201072E+01
     -2.350015E-04       3.849200E+01       4.201072E+01
     -2.343635E-04       3.849200E+01       4.201072E+01
     -2.336631E-04       3.849200E+01       4.201072E+01
     -2.331558E-04       3.849200E+01       4.201072E+01
     -2.326226E-04       3.849200E+01       4.201072E+01
     -2.319288E-04       3.849200E+01       4.201072E+01
     -2.312135E-04       3.849200E+01       4.201072E+01
     -2.307345E-04       3.849200E+01       4.201072E+01
     -2.301104E-04       3.849200E+01       4.201072E+01
     -2.293403E-04       3.849200E+01       4.201072E+01
     -2.287162E-04       3.849200E+01       4.201072E+01
     -2.282115E-04       3.849200E+01       4.201072E+01
     -2.275217E-04       3.849200E+01       4.201072E+01
     -2.266986E-04       3.849200E+01       4.201072E+01
     -2.261124E-04       3.849200E+01       4.201072E+01
     -2.254880E-04       3.849200E+01       4.201072E+01
     -2.246952E-04       3.849300E+01       4.201072E+01
     -2.239280E-04       3.849300E+01       4.201072E+01
     -2.234051E-04       3.849300E+01       4.201072E+01
     -2.226588E-04       3.849300E+01       4.201072E+01
     -2.217439E-04       3.849300E+01       4.201072E+01
     -2.209881E-04       3.849300E+01       4.201072E+01
     -2.203033E-04       3.849300E+01       4.201072E+01
     -2.194804E-04       3.849300E+01       4.201072E+01
     -2.187013E-04       3.849300E+01       4.201072E+01
     -2.181157E-04       3.849300E+01       4.201072E+01
     -2.177727E-04       3.849300E+01       4.201072E+01
     -2.174117E-04       3.849300E+01       4.201072E+01
     -2.166798E-04       3.849300E+01       4.201072E+01
     -2.160494E-04       3.849300E+01       4.201072E+01
     -2.154013E-04       3.849300E+01       4.201072E+01
     -2.145804E-04       3.849300E+01       4.201072E+01
     -2.138391E-04       3.849300E+01       4.201072E+01
     -2.132236E-04       3.849300E+01       4.201072E+01
     -2.129556E-04       3.849300E+01       4.201072E+01
     -2.125173E-04       3.849300E+01       4.201072E+01
     -2.117759E-04       3.849300E+01       4.201072E+01
     -2.109807E-04       3.849300E+01       4.201072E+01
     -2.101721E-04       3.849300E+01       4.201072E+01
     -2.093880E-04       3.849400E+01       4.201072E+01
     -2.087901E-04       3.849400E+01       4.201072E+01
     -2.080520E-04       3.849400E+01       4.201072E+01
     -2.073398E-04       3.849400E+01       4.201072E+01
     -2.067670E-04       3.849400E+01       4.201072E+01
     -2.060610E-04       3.849400E+01       4.201072E+01
     -2.054241E-04       3.849400E+01       4.201072E+01
     -2.048782E-04       3.849400E+01       4.201072E+01
     -2.042108E-04       3.849400E+01       4.201072E+01
     -2.035958E-04       3.849400E+01       4.201072E+01
     -2.030609E-04       3.849400E+01       4.201072E+01
     -2.024059E-04       3.849400E+01       4.201072E+01
     -2.018468E-04       3.849400E+01       4.201072E+01
     -2.012928E-04       3.849400E+01       4.201072E+01
     -2.006542E-04       3.849400E+01       4.201072E+01
     -2.000227E-04       3.849400E+01       4.201072E+01
     -1.994322E-04       3.849400E+01       4.201072E+01
     -1.987891E-04       3.849400E+01       4.201072E+01
     -1.981945E-04       3.849500E+01       4.201072E+01
     -1.976076E-04       3.849500E+01       4.201072E+01
     -1.969947E-04       3.849500E+01       4.201072E+01
     -1.963556E-04       3.849500E+01       4.201072E+01
     -1.956846E-04       3.849500E+01       4.201072E+01
     -1.950305E-04       3.849500E+01       4.201072E+01
     -1.944976E-04       3.849500E+01       4.201072E+01
     -1.938204E-04       3.849500E+01       4.201072E+01
     -1.936944E-04       3.849500E+01       4.201072E+01
     -1.936940E-04       3.849500E+01       4.201072E+01
     -1.936769E-04       3.849500E+01       4.201072E+01
     -1.934032E-04       3.849500E+01       4.201072E+01
     -1.928913E-04       3.849500E+01       4.201072E+01
     -1.922842E-04       3.849500E+01       4.201072E+01
     -1.915702E-04       3.849500E+01       4.201072E+01
     -1.912874E-04       3.849500E+01       4.201072E+01
     -1.909418E-04       3.849500E+01       4.201072E+01
     -1.907700E-04       3.849500E+01       4.201072E+01
     -1.903855E-04       3.849500E+01       4.201072E+01
     -1.897245E-04       3.849500E+01       4.201072E+01
     -1.889749E-04       3.849500E+01       4.201072E+01
     -1.882225E-04       3.849500E+01       4.201072E+01
     -1.874061E-04       3.849500E+01       4.201072E+01
     -1.866330E-04       3.849500E+01       4.201072E+01
     -1.858349E-04       3.849500E+01       4.201072E+01
     -1.851390E-04       3.849500E+01       4.201072E+01
     -1.848180E-04       3.849500E+01       4.201072E+01
     -1.842085E-04       3.849500E+01       4.201072E+01
     -1.834848E-04       3.849500E+01       4.201072E+01
     -1.826718E-04       3.849600E+01       4.201072E+01
     -1.818426E-04       3.849600E+01       4.201072E+01
     -1.809222E-04       3.849600E+01       4.201072E+01
     -1.803325E-04       3.849600E+01       4.201072E+01
     -1.799786E-04       3.849600E+01       4.201072E+01
     -1.792519E-04       3.849600E+01       4.201072E+01
     -1.784714E-04       3.849600E+01       4.201072E+01
     -1.776694E-04       3.849600E+01       4.201072E+01
     -1.768266E-04       3.849600E+01       4.201072E+01
     -1.760186E-04       3.849700E+01       4.201072E+01
     -1.751648E-04       3.849700E+01       4.201072E+01
     -1.742222E-04       3.849700E+01       4.201072E+01
     -1.739827E-04       3.849700E+01       4.201072E+01
     -1.735405E-04       3.849700E+01       4.201072E+01
     -1.727199E-04       3.849700E+01       4.201072E+01
     -1.718141E-04       3.849700E+01       4.201072E+01
     -1.708963E-04       3.849700E+01       4.201072E+01
     -1.699762E-04       3.849700E+01       4.201072E+01
     -1.690758E-04       3.849700E+01       4.201072E+01
     -1.687674E-04       3.849700E+01       4.201072E+01
     -1.680621E-04       3.849700E+01       4.201072E+01
     -1.672978E-04       3.849700E+01       4.201072E+01
     -1.669417E-04       3.849700E+01       4.201072E+01
     -1.664813E-04       3.849700E+01       4.201072E+01
     -1.664748E-04       3.849700E+01       4.201072E+01
     -1.661702E-04       3.849700E+01       4.201072E+01
     -1.655091E-04       3.849700E+01       4.201072E+01
     -1.647829E-04       3.849700E+01       4.201072E+01
     -1.639331E-04       3.849700E+01       4.201072E+01
     -1.631261E-04       3.849700E+01       4.201072E+01
     -1.622631E-04       3.849700E+01       4.201072E+01
     -1.613746E-04       3.849700E+01       4.201072E+01
     -1.610542E-04       3.849700E+01       4.201072E+01
     -1.605402E-04       3.849800E+01       4.201072E+01
     -1.597281E-04       3.849800E+01       4.201072E+01
     -1.594347E-04       3.849800E+01       4.201072E+01
     -1.588532E-04       3.849800E+01       4.201072E+01
     -1.581729E-04       3.849800E+01       4.201072E+01
     -1.578162E-04       3.849800E+01       4.201072E+01
     -1.571257E-04       3.849800E+01       4.201072E+01
     -1.565941E-04       3.849800E+01       4.201072E+01
     -1.561240E-04       3.849800E+01       4.201072E+01
     -1.553078E-04       3.849800E+01       4.201072E+01
     -1.543836E-04       3.849800E+01       4.201072E+01
     -1.536938E-04       3.849800E+01       4.201072E+01
     -1.529829E-04       3.849800E+01       4.201072E+01
     -1.526679E-04       3.849800E+01       4.201072E+01
     -1.518977E-04       3.849800E+01       4.201072E+01
     -1.510456E-04       3.849900E+01       4.201072E+01
     -1.502591E-04       3.849900E+01       4.201072E+01
     -1.494050E-04       3.849900E+01       4.201072E+01
     -1.490782E-04       3.849900E+01       4.201072E+01
     -1.489080E-04       3.849900E+01       4.201072E+01
     -1.483673E-04       3.849900E+01       4.201072E+01
     -1.474199E-04       3.849900E+01       4.201072E+01
     -1.467056E-04       3.849900E+01       4.201072E+01
     -1.462254E-04       3.849900E+01       4.201072E+01
     -1.452277E-04       3.849900E+01       4.201072E+01
     -1.446915E-04       3.849900E+01       4.201072E+01
     -1.440957E-04       3.849900E+01       4.201072E+01
     -1.429981E-04       3.849900E+01       4.201072E+01
     -1.422087E-04       3.849900E+01       4.201072E+01
     -1.417325E-04       3.849900E+01       4.201072E+01
     -1.407903E-04       3.850000E+01       4.201072E+01
     -1.404250E-04       3.850000E+01       4.201072E+01
     -1.397446E-04       3.850000E+01       4.201072E+01
     -1.388260E-04       3.850000E+01       4.201072E+01
     -1.384975E-04       3.850000E+01       4.201072E+01
     -1.378183E-04       3.850000E+01       4.201072E+01
     -1.369113E-04       3.850000E+01       4.201072E+01
     -1.361419E-04       3.850000E+01       4.201072E+01
     -1.351398E-04       3.850000E+01       4.201072E+01
     -1.341353E-04       3.850000E+01       4.201072E+01
     -1.336343E-04       3.850000E+01       4.201072E+01
     -1.330547E-04       3.850000E+01       4.201072E+01
     -1.320653E-04       3.850000E+01       4.201072E+01
     -1.313235E-04       3.850000E+01       4.201072E+01
     -1.304426E-04       3.850100E+01       4.201072E+01
     -1.301283E-04       3.850100E+01       4.201072E+01
     -1.301264E-04       3.850100E+01       4.201072E+01
     -1.299568E-04       3.850100E+01       4.201072E+01
     -1.295406E-04       3.850100E+01       4.201072E+01
     -1.287286E-04       3.850100E+01       4.201072E+01
     -1.278924E-04       3.850100E+01       4.201072E+01
     -1.275477E-04       3.850100E+01       4.201072E+01
     -1.268576E-04       3.850100E+01       4.201072E+01
     -1.264711E-04       3.850100E+01       4.201072E+01
     -1.259611E-04       3.850100E+01       4.201072E+01
     -1.256587E-04       3.850100E+01       4.201072E+01
     -1.248754E-04       3.850100E+01       4.201072E+01
     -1.244167E-04       3.850100E+01       4.201072E+01
     -1.238671E-04       3.850100E+01       4.201072E+01
     -1.229449E-04       3.850100E+01       4.201072E+01
     -1.225922E-04       3.850100E+01       4.201072E+01
     -1.219523E-04       3.850200E+01       4.201072E+01
     -1.210296E-04       3.850200E+01       4.201072E+01
     -1.203985E-04       3.850200E+01       4.201072E+01
     -1.198106E-04       3.850200E+01       4.201072E+01
     -1.189992E-04       3.850200E+01       4.201072E+01
     -1.185835E-04       3.850200E+01       4.201072E+01
     -1.177138E-04       3.850200E+01       4.201072E+01
     -1.167611E-04       3.850200E+01       4.201072E+01
     -1.162993E-04       3.850200E+01       4.201072E+01
     -1.160031E-04       3.850200E+01       4.201072E+01
     -1.153130E-04       3.850200E+01       4.201072E+01
     -1.149477E-04       3.850200E+01       4.201072E+01
     -1.143912E-04       3.850200E+01       4.201072E+01
     -1.133723E-04       3.850200E+01       4.201072E+01
     -1.130394E-04       3.850200E+01       4.201072E+01
     -1.122825E-04       3.850200E+01       4.201072E+01
     -1.116293E-04       3.850300E+01       4.201072E+01
     -1.113015E-04       3.850300E+01       4.201072E+01
     -1.104032E-04       3.850300E+01       4.201072E+01
     -1.101395E-04       3.850300E+01       4.201072E+01
     -1.096831E-04       3.850300E+01       4.201072E+01
     -1.088709E-04       3.850300E+01       4.201072E+01
     -1.085273E-04       3.850300E+01       4.201072E+01
     -1.080101E-04       3.850300E+01       4.201072E+01
     -1.078288E-04       3.850300E+01       4.201072E+01
     -1.073654E-04       3.850300E+01       4.201072E+01
     -1.069192E-04       3.850300E+01       4.201072E+01
     -1.061086E-04       3.850300E+01       4.201072E+01
     -1.058152E-04       3.850300E+01       4.201072E+01
     -1.051601E-04       3.850300E+01       4.201072E+01
     -1.045296E-04       3.850300E+01       4.201072E+01
     -1.040272E-04       3.850300E+01       4.201072E+01
     -1.031435E-04       3.850300E+01       4.201072E+01
     -1.028036E-04       3.850300E+01       4.201072E+01
     -1.022213E-04       3.850300E+01       4.201072E+01
     -1.013366E-04       3.850300E+01       4.201072E+01
     -1.010459E-04       3.850300E+01       4.201072E+01
     -1.004876E-04       3.850400E+01       4.201072E+01
     -9.970920E-05       3.850400E+01       4.201072E+01
     -9.943730E-05       3.850400E+01       4.201072E+01
     -9.883530E-05       3.850400E+01       4.201072E+01
     -9.800710E-05       3.850400E+01       4.201072E+01
     -9.773360E-05       3.850400E+01       4.201072E+01
     -9.699650E-05       3.850400E+01       4.201072E+01
     -9.610060E-05       3.850400E+01       4.201072E+01
     -9.586320E-05       3.850400E+01       4.201072E+01
     -9.504940E-05       3.850400E+01       4.201072E+01
     -9.457810E-05       3.850400E+01       4.201072E+01
     -9.423210E-05       3.850400E+01       4.201072E+01
     -9.379580E-05       3.850400E+01       4.201072E+01
     -9.299110E-05       3.850400E+01       4.201072E+01
     -9.232340E-05       3.850400E+01       4.201072E+01
     -9.180870E-05       3.850500E+01       4.201072E+01
     -9.066350E-05       3.850500E+01       4.201072E+01
     -9.033010E-05       3.850500E+01       4.201072E+01
     -8.955150E-05       3.850500E+01       4.201072E+01
     -8.863430E-05       3.850500E+01       4.201072E+01
     -8.823020E-05       3.850500E+01       4.201072E+01
     -8.714660E-05       3.850500E+01       4.201072E+01
     -8.657960E-05       3.850500E+01       4.201072E+01
     -8.580680E-05       3.850500E+01       4.201072E+01
     -8.471320E-05       3.850500E+01       4.201072E+01
     -8.447600E-05       3.850500E+01       4.201072E+01
     -8.412740E-05       3.850500E+01       4.201072E+01
     -8.304930E-05       3.850600E+01       4.201072E+01
     -8.247400E-05       3.850600E+01       4.201072E+01
     -8.222050E-05       3.850600E+01       4.201072E+01
     -8.127250E-05       3.850600E+01       4.201072E+01
     -8.055310E-05       3.850600E+01       4.201072E+01
     -7.987300E-05       3.850600E+01       4.201072E+01
     -7.873990E-05       3.850600E+01       4.201072E+01
     -7.840840E-05       3.850600E+01       4.201072E+01
     -7.742520E-05       3.850600E+01       4.201072E+01
     -7.682610E-05       3.850600E+01       4.201072E+01
     -7.594830E-05       3.850600E+01       4.201072E+01
     -7.527370E-05       3.850600E+01       4.201072E+01
     -7.469600E-05       3.850600E+01       4.201072E+01
     -7.366130E-05       3.850600E+01       4.201072E+01
     -7.324550E-05       3.850600E+01       4.201072E+01
     -7.200250E-05       3.850700E+01       4.201072E+01
     -7.156210E-05       3.850700E+01       4.201072E+01
     -7.150710E-05       3.850700E+01       4.201072E+01
     -7.057900E-05       3.850700E+01       4.201072E+01
     -6.981940E-05       3.850700E+01       4.201072E+01
     -6.921820E-05       3.850700E+01       4.201072E+01
     -6.806470E-05       3.850700E+01       4.201072E+01
     -6.771330E-05       3.850700E+01       4.201072E+01
     -6.680950E-05       3.850700E+01       4.201072E+01
     -6.599230E-05       3.850700E+01       4.201072E+01
     -6.532690E-05       3.850700E+01       4.201072E+01
     -6.426480E-05       3.850700E+01       4.201072E+01
     -6.372660E-05       3.850700E+01       4.201072E+01
     -6.250890E-05       3.850800E+01       4.201072E+01
     -6.207910E-05       3.850800E+01       4.201072E+01
     -6.129400E-05       3.850800E+01       4.201072E+01
     -6.048050E-05       3.850800E+01       4.201072E+01
     -5.986960E-05       3.850800E+01       4.201072E+01
     -5.895550E-05       3.850800E+01       4.201072E+01
     -5.842650E-05       3.850800E+01       4.201072E+01
     -5.748790E-05       3.850800E+01       4.201072E+01
     -5.742330E-05       3.850800E+01       4.201072E+01
     -5.736600E-05       3.850800E+01       4.201072E+01
     -5.684190E-05       3.850800E+01       4.201072E+01
     -5.596610E-05       3.850800E+01       4.201072E+01
     -5.556170E-05       3.850800E+01       4.201072E+01
     -5.453700E-05       3.850800E+01       4.201072E+01
     -5.414020E-05       3.850800E+01       4.201072E+01
     -5.318700E-05       3.850900E+01       4.201072E+01
     -5.271660E-05       3.850900E+01       4.201072E+01
     -5.172870E-05       3.850900E+01       4.201072E+01
     -5.133380E-05       3.850900E+01       4.201072E+01
     -5.061770E-05       3.850900E+01       4.201072E+01
     -4.973750E-05       3.850900E+01       4.201072E+01
     -4.912810E-05       3.850900E+01       4.201072E+01
     -4.805360E-05       3.850900E+01       4.201072E+01
     -4.782500E-05       3.850900E+01       4.201072E+01
     -4.689310E-05       3.850900E+01       4.201072E+01
     -4.626810E-05       3.850900E+01       4.201072E+01
     -4.606370E-05       3.850900E+01       4.201072E+01
     -4.521570E-05       3.850900E+01       4.201072E+01
     -4.460280E-05       3.850900E+01       4.201072E+01
     -4.405690E-05       3.850900E+01       4.201072E+01
     -4.364450E-05       3.850900E+01       4.201072E+01
     -4.336960E-05       3.851000E+01       4.201072E+01
     -4.307940E-05       3.851000E+01       4.201072E+01
     -4.282890E-05       3.851000E+01       4.201072E+01
     -4.252040E-05       3.851000E+01       4.201072E+01
     -4.214230E-05       3.851000E+01       4.201072E+01
     -4.184830E-05       3.851000E+01       4.201072E+01
     -4.165250E-05       3.851000E+01       4.201072E+01
     -4.134520E-05       3.851000E+01       4.201072E+01
     -4.100910E-05       3.851000E+01       4.201072E+01
     -4.071140E-05       3.851000E+01       4.201072E+01
     -4.045100E-05       3.851000E+01       4.201072E+01
     -4.031670E-05       3.851000E+01       4.201072E+01
     -4.018200E-05       3.851000E+01       4.201072E+01
     -3.991170E-05       3.851000E+01       4.201072E+01
     -3.956990E-05       3.851000E+01       4.201072E+01
     -3.919970E-05       3.851000E+01       4.201072E+01
     -3.903290E-05       3.851000E+01       4.201072E+01
     -3.877370E-05       3.851000E+01       4.201072E+01
     -3.858890E-05       3.851000E+01       4.201072E+01
     -3.838090E-05       3.851000E+01       4.201072E+01
     -3.799570E-05       3.851000E+01       4.201072E+01
     -3.771440E-05       3.851000E+01       4.201072E+01
     -3.753130E-05       3.851000E+01       4.201072E+01
     -3.721300E-05       3.851000E+01       4.201072E+01
     -3.686640E-05       3.851000E+01       4.201072E+01
     -3.653360E-05       3.851000E+01       4.201072E+01
     -3.632780E-05       3.851000E+01       4.201072E+01
     -3.592300E-05       3.851000E+01       4.201072E+01
     -3.556650E-05       3.851000E+01       4.201072E+01
     -3.534100E-05       3.851000E+01       4.201072E+01
     -3.504010E-05       3.851100E+01       4.201072E+01
     -3.457740E-05       3.851100E+01       4.201072E+01
     -3.426410E-05       3.851100E+01       4.201072E+01
     -3.397930E-05       3.851100E+01       4.201072E+01
     -3.353000E-05       3.851100E+01       4.201072E+01
     -3.324400E-05       3.851100E+01       4.201072E+01
     -3.291950E-05       3.851100E+01       4.201072E+01
     -3.240010E-05       3.851100E+01       4.201072E+01
     -3.221040E-05       3.851100E+01       4.201072E+01
     -3.183110E-05       3.851200E+01       4.201072E+01
     -3.141820E-05       3.851200E+01       4.201072E+01
     -3.122730E-05       3.851300E+01       4.201072E+01
     -3.083930E-05       3.851400E+01       4.201072E+01
     -3.057750E-05       3.851500E+01       4.201072E+01
     -3.035710E-05       3.851600E+01       4.201072E+01
     -3.002330E-05       3.851800E+01       4.201072E+01
     -2.974030E-05       3.852000E+01       4.201072E+01
     -2.957110E-05       3.852200E+01       4.201072E+01
     -2.932320E-05       3.852400E+01       4.201072E+01
     -2.904500E-05       3.852900E+01       4.201072E+01
     -2.880220E-05       3.853300E+01       4.201072E+01
     -2.863280E-05       3.853700E+01       4.201072E+01
     -2.844720E-05       3.854300E+01       4.201072E+01
     -2.821330E-05       3.855600E+01       4.201072E+01
     -2.801920E-05       3.856700E+01       4.201072E+01
     -2.789840E-05       3.857400E+01       4.201072E+01
     -2.778610E-05       3.858100E+01       4.201072E+01
     -2.764920E-05       3.859100E+01       4.201072E+01
     -2.746300E-05       3.860600E+01       4.201072E+01
     -2.735390E-05       3.861600E+01       4.201072E+01
     -2.726310E-05       3.862500E+01       4.201072E+01
     -2.715400E-05       3.863700E+01       4.201072E+01
     -2.704100E-05       3.865100E+01       4.201072E+01
     -2.692800E-05       3.866600E+01       4.201072E+01
     -2.679650E-05       3.868600E+01       4.201072E+01
     -2.673070E-05       3.869600E+01       4.201072E+01
     -2.666490E-05       3.870700E+01       4.201072E+01
     -2.659920E-05       3.871800E+01       4.201072E+01
     -2.652630E-05       3.873100E+01       4.201072E+01
     -2.645350E-05       3.874500E+01       4.201072E+01
     -2.638070E-05       3.876000E+01       4.201072E+01
     -2.630790E-05       3.877600E+01       4.201072E+01
     -2.625330E-05       3.878700E+01       4.201072E+01
     -2.618050E-05       3.880400E+01       4.201072E+01
     -2.610770E-05       3.882200E+01       4.201072E+01
     -2.599870E-05       3.885000E+01       4.201072E+01
     -2.592600E-05       3.887000E+01       4.201072E+01
     -2.585340E-05       3.889100E+01       4.201072E+01
     -2.578080E-05       3.891200E+01       4.201072E+01
     -2.574320E-05       3.892400E+01       4.201072E+01
     -2.570560E-05       3.893600E+01       4.201072E+01
     -2.564910E-05       3.895400E+01       4.201072E+01
     -2.561140E-05       3.896600E+01       4.201072E+01
     -2.557380E-05       3.897900E+01       4.201072E+01
     -2.553610E-05       3.899100E+01       4.201072E+01
     -2.547860E-05       3.901200E+01       4.201072E+01
     -2.542110E-05       3.903200E+01       4.201072E+01
     -2.536350E-05       3.905300E+01       4.201072E+01
     -2.530600E-05       3.907400E+01       4.201072E+01
     -2.524530E-05       3.909600E+01       4.201072E+01
     -2.518470E-05       3.911900E+01       4.201072E+01
     -2.512400E-05       3.914200E+01       4.201072E+01
     -2.509370E-05       3.915400E+01       4.201072E+01
     -2.506340E-05       3.916600E+01       4.201072E+01
     -2.503300E-05       3.917700E+01       4.201072E+01
     -2.500270E-05       3.918900E+01       4.201072E+01
     -2.497240E-05       3.920100E+01       4.201072E+01
     -2.494200E-05       3.921200E+01       4.201072E+01
     -2.488680E-05       3.923300E+01       4.201072E+01
     -2.483150E-05       3.925500E+01       4.201072E+01
     -2.477630E-05       3.927600E+01       4.201072E+01
     -2.472110E-05       3.929700E+01       4.201072E+01
     -2.466040E-05       3.932000E+01       4.201072E+01
     -2.459960E-05       3.934200E+01       4.201072E+01
     -2.453890E-05       3.936500E+01       4.201072E+01
     -2.447820E-05       3.938700E+01       4.201072E+01
     -2.441750E-05       3.941000E+01       4.201072E+01
     -2.440030E-05       3.941600E+01       4.201072E+01
     -2.438310E-05       3.942200E+01       4.201072E+01
     -2.436590E-05       3.942800E+01       4.201072E+01
     -2.434870E-05       3.943500E+01       4.201072E+01
     -2.433150E-05       3.944100E+01       4.201072E+01
     -2.429720E-05       3.945300E+01       4.201072E+01
     -2.426280E-05       3.946500E+01       4.201072E+01
     -2.422840E-05       3.947700E+01       4.201072E+01
     -2.419400E-05       3.948900E+01       4.201072E+01
     -2.415510E-05       3.950200E+01       4.201072E+01
     -2.411630E-05       3.951600E+01       4.201072E+01
     -2.407730E-05       3.953100E+01       4.201072E+01
     -2.403850E-05       3.954700E+01       4.201072E+01
     -2.399360E-05       3.957000E+01       4.201072E+01
     -2.394860E-05       3.959500E+01       4.201072E+01
     -2.393740E-05       3.960200E+01       4.201072E+01
     -2.392620E-05       3.960900E+01       4.201072E+01
     -2.391490E-05       3.961700E+01       4.201072E+01
     -2.390370E-05       3.962500E+01       4.201072E+01
     -2.388130E-05       3.964000E+01       4.201072E+01
     -2.385880E-05       3.965600E+01       4.201072E+01
     -2.383640E-05       3.967300E+01       4.201072E+01
     -2.381390E-05       3.969000E+01       4.201072E+01
     -2.375760E-05       3.973300E+01       4.201072E+01
     -2.370130E-05       3.977600E+01       4.201072E+01
     -2.365530E-05       3.981100E+01       4.201072E+01
     -2.360930E-05       3.984600E+01       4.201072E+01
     -2.356330E-05       3.987900E+01       4.201072E+01
     -2.351740E-05       3.991100E+01       4.201072E+01
     -2.350320E-05       3.992000E+01       4.201072E+01
     -2.348900E-05       3.993000E+01       4.201072E+01
     -2.347470E-05       3.994000E+01       4.201072E+01
     -2.346050E-05       3.994900E+01       4.201072E+01
     -2.343210E-05       3.996800E+01       4.201072E+01
     -2.340380E-05       3.998600E+01       4.201072E+01
     -2.337540E-05       4.000500E+01       4.201072E+01
     -2.334700E-05       4.002300E+01       4.201072E+01
     -2.332110E-05       4.003900E+01       4.201072E+01
     -2.329540E-05       4.005500E+01       4.201072E+01
     -2.326950E-05       4.007100E+01       4.201072E+01
     -2.324370E-05       4.008600E+01       4.201072E+01
     -2.321790E-05       4.010200E+01       4.201072E+01
     -2.319210E-05       4.011700E+01       4.201072E+01
     -2.313700E-05       4.015000E+01       4.201072E+01
     -2.310950E-05       4.016700E+01       4.201072E+01
     -2.308190E-05       4.018300E+01       4.201072E+01
     -2.305440E-05       4.019900E+01       4.201072E+01
     -2.302680E-05       4.021500E+01       4.201072E+01
     -2.299930E-05       4.023200E+01       4.201072E+01
     -2.297170E-05       4.024800E+01       4.201072E+01
     -2.294500E-05       4.026300E+01       4.201072E+01
     -2.291820E-05       4.027900E+01       4.201072E+01
     -2.289140E-05       4.029500E+01       4.201072E+01
     -2.286460E-05       4.031100E+01       4.201072E+01
     -2.283780E-05       4.032700E+01       4.201072E+01
     -2.281100E-05       4.034300E+01       4.201072E+01
     -2.278600E-05       4.035800E+01       4.201072E+01
     -2.276100E-05       4.037300E+01       4.201072E+01
     -2.273590E-05       4.038800E+01       4.201072E+01
     -2.271090E-05       4.040300E+01       4.201072E+01
     -2.268590E-05       4.041800E+01       4.201072E+01
     -2.266090E-05       4.043200E+01       4.201072E+01
     -2.262390E-05       4.045300E+01       4.201072E+01
     -2.258700E-05       4.047300E+01       4.201072E+01
     -2.255000E-05       4.049200E+01       4.201072E+01
     -2.251310E-05       4.051100E+01       4.201072E+01
     -2.247340E-05       4.053200E+01       4.201072E+01
     -2.243380E-05       4.055300E+01       4.201072E+01
     -2.239410E-05       4.057400E+01       4.201072E+01
     -2.235450E-05       4.059600E+01       4.201072E+01
     -2.231090E-05       4.062000E+01       4.201072E+01
     -2.226730E-05       4.064300E+01       4.201072E+01
     -2.222380E-05       4.066700E+01       4.201072E+01
     -2.218020E-05       4.069000E+01       4.201072E+01
     -2.213410E-05       4.071400E+01       4.201072E+01
     -2.208800E-05       4.073700E+01       4.201072E+01
     -2.204200E-05       4.075900E+01       4.201072E+01
     -2.199590E-05       4.078000E+01       4.201072E+01
     -2.194610E-05       4.080100E+01       4.201072E+01
     -2.189620E-05       4.082100E+01       4.201072E+01
     -2.184640E-05       4.084000E+01       4.201072E+01
     -2.179660E-05       4.085900E+01       4.201072E+01
     -2.174680E-05       4.087700E+01       4.201072E+01
     -2.168270E-05       4.090100E+01       4.201072E+01
     -2.161870E-05       4.092400E+01       4.201072E+01
     -2.155460E-05       4.094600E+01       4.201072E+01
     -2.149050E-05       4.096900E+01       4.201072E+01
     -2.142650E-05       4.099100E+01       4.201072E+01
     -2.132280E-05       4.102800E+01       4.201072E+01
     -2.121900E-05       4.106500E+01       4.201072E+01
     -2.111530E-05       4.110200E+01       4.201072E+01
     -2.101160E-05       4.113800E+01       4.201072E+01
     -2.090780E-05       4.117300E+01       4.201072E+01
     -2.079390E-05       4.121200E+01       4.201072E+01
     -2.068010E-05       4.125000E+01       4.201072E+01
     -2.056610E-05       4.128800E+01       4.201072E+01
     -2.045230E-05       4.132600E+01       4.201072E+01
     -2.033830E-05       4.136500E+01       4.201072E+01
     -2.017950E-05       4.141900E+01       4.201072E+01
     -2.002060E-05       4.147500E+01       4.201072E+01
     -1.986180E-05       4.153100E+01       4.201072E+01
     -1.970300E-05       4.158900E+01       4.201072E+01
     -1.954410E-05       4.164600E+01       4.201072E+01
     -1.939500E-05       4.170000E+01       4.201072E+01
     -1.924590E-05       4.175300E+01       4.201072E+01
     -1.909690E-05       4.180400E+01       4.201072E+01
     -1.894780E-05       4.185400E+01       4.201072E+01
     -1.879870E-05       4.190100E+01       4.201072E+01
     -1.863480E-05       4.195100E+01       4.201072E+01
     -1.847080E-05       4.199900E+01       4.201072E+01
     -1.830690E-05       4.204400E+01       4.201072E+01
     -1.814300E-05       4.208800E+01       4.201072E+01
     -1.797910E-05       4.213100E+01       4.201072E+01
     -1.771570E-05       4.219800E+01       4.201072E+01
     -1.745240E-05       4.226300E+01       4.201072E+01
     -1.718900E-05       4.232800E+01       4.201072E+01
     -1.692560E-05       4.239200E+01       4.201072E+01
     -1.666230E-05       4.245600E+01       4.201072E+01
     -1.630460E-05       4.254400E+01       4.201072E+01
     -1.594690E-05       4.263300E+01       4.201072E+01
     -1.558920E-05       4.272100E+01       4.201072E+01
     -1.523160E-05       4.280700E+01       4.201072E+01
     -1.487390E-05       4.289200E+01       4.201072E+01
     -1.447370E-05       4.298600E+01       4.201072E+01
     -1.407350E-05       4.307800E+01       4.201072E+01
     -1.367340E-05       4.316800E+01       4.201072E+01
     -1.327320E-05       4.325700E+01       4.201072E+01
     -1.287320E-05       4.334300E+01       4.201072E+01
     -1.246630E-05       4.342900E+01       4.201072E+01
     -1.205940E-05       4.351400E+01       4.201072E+01
     -1.165270E-05       4.359600E+01       4.201072E+01
     -1.124600E-05       4.367600E+01       4.201072E+01
     -1.083950E-05       4.375400E+01       4.201072E+01
     -1.041380E-05       4.383400E+01       4.201072E+01
     -9.988300E-06       4.391200E+01       4.201072E+01
     -9.563000E-06       4.398600E+01       4.201072E+01
     -9.138000E-06       4.405900E+01       4.201072E+01
     -8.713200E-06       4.412900E+01       4.201072E+01
     -8.253400E-06       4.420100E+01       4.201072E+01
     -7.794000E-06       4.427100E+01       4.201072E+01
     -7.335200E-06       4.433800E+01       4.201072E+01
     -6.877000E-06       4.440100E+01       4.201072E+01
     -6.419500E-06       4.446100E+01       4.201072E+01
     -5.899900E-06       4.452600E+01       4.201072E+01
     -5.381700E-06       4.458600E+01       4.201072E+01
     -4.864800E-06       4.464200E+01       4.201072E+01
     -4.349700E-06       4.469500E+01       4.201072E+01
     -3.836400E-06       4.474200E+01       4.201072E+01
     -3.304700E-06       4.478600E+01       4.201072E+01
     -2.775800E-06       4.482600E+01       4.201072E+01
     -2.249800E-06       4.486000E+01       4.201072E+01
     -1.727200E-06       4.488900E+01       4.201072E+01
     -1.208300E-06       4.491200E+01       4.201072E+01
     -6.009000E-07       4.493300E+01       4.201072E+01
      0.000000E+00       4.494600E+01       4.201072E+01
      1.799500E-06       4.494000E+01       4.201072E+01
      2.533800E-06       4.492100E+01       4.201072E+01
      3.277600E-06       4.489100E+01       4.201072E+01
      3.644700E-06       4.487300E+01       4.201072E+01
      4.202900E-06       4.484200E+01       4.201072E+01
      4.754900E-06       4.480900E+01       4.201072E+01
      4.892100E-06       4.480000E+01       4.201072E+01
      5.572900E-06       4.475600E+01       4.201072E+01
      5.843300E-06       4.473800E+01       4.201072E+01
      6.112700E-06       4.472000E+01       4.201072E+01
      6.381200E-06       4.470300E+01       4.201072E+01
      6.823900E-06       4.467400E+01       4.201072E+01
      7.264400E-06       4.464600E+01       4.201072E+01
      7.703100E-06       4.461800E+01       4.201072E+01
      8.140100E-06       4.459200E+01       4.201072E+01
      8.575700E-06       4.456600E+01       4.201072E+01
      9.152300E-06       4.453400E+01       4.201072E+01
      9.726800E-06       4.450300E+01       4.201072E+01
      1.029950E-05       4.447400E+01       4.201072E+01
      1.087070E-05       4.444700E+01       4.201072E+01
      1.144040E-05       4.442100E+01       4.201072E+01
      1.214040E-05       4.439200E+01       4.201072E+01
      1.283860E-05       4.436500E+01       4.201072E+01
      1.301290E-05       4.435900E+01       4.201072E+01
      1.318710E-05       4.435300E+01       4.201072E+01
      1.353510E-05       4.434100E+01       4.201072E+01
      1.440350E-05       4.431100E+01       4.201072E+01
      1.475020E-05       4.430000E+01       4.201072E+01
      1.594630E-05       4.426300E+01       4.201072E+01
      1.679420E-05       4.423800E+01       4.201072E+01
      1.764030E-05       4.421500E+01       4.201072E+01
      1.848490E-05       4.419300E+01       4.201072E+01
      1.947140E-05       4.416900E+01       4.201072E+01
      1.996400E-05       4.415800E+01       4.201072E+01
      2.045610E-05       4.414700E+01       4.201072E+01
      2.119330E-05       4.413000E+01       4.201072E+01
      2.217490E-05       4.411000E+01       4.201072E+01
      2.266510E-05       4.410100E+01       4.201072E+01
      2.380090E-05       4.407900E+01       4.201072E+01
      2.550090E-05       4.404900E+01       4.201072E+01
      2.719690E-05       4.402200E+01       4.201072E+01
      2.851670E-05       4.400200E+01       4.201072E+01
      3.016350E-05       4.397800E+01       4.201072E+01
      3.246360E-05       4.394700E+01       4.201072E+01
      3.562360E-05       4.390900E+01       4.201072E+01
      3.838970E-05       4.387800E+01       4.201072E+01
      3.931020E-05       4.386800E+01       4.201072E+01
      4.252580E-05       4.383600E+01       4.201072E+01
      4.548170E-05       4.381000E+01       4.201072E+01
      4.868570E-05       4.378300E+01       4.201072E+01
      5.026450E-05       4.377000E+01       4.201072E+01
      5.027780E-05       4.377000E+01       4.201072E+01
      5.672830E-05       4.372400E+01       4.201072E+01
      6.005530E-05       4.370200E+01       4.201072E+01
      6.420570E-05       4.367600E+01       4.201072E+01
      6.764070E-05       4.365600E+01       4.201072E+01
      7.154370E-05       4.363500E+01       4.201072E+01
      7.836650E-05       4.360100E+01       4.201072E+01
      8.712630E-05       4.356200E+01       4.201072E+01
      9.829570E-05       4.352000E+01       4.201072E+01
      1.180275E-04       4.346000E+01       4.201072E+01
      1.455587E-04       4.339300E+01       4.201072E+01
      1.575454E-04       4.336900E+01       4.201072E+01
      1.793996E-04       4.333100E+01       4.201072E+01
      1.900973E-04       4.331500E+01       4.201072E+01
      1.986292E-04       4.330200E+01       4.201072E+01
      2.095858E-04       4.328800E+01       4.201072E+01
      2.326713E-04       4.326000E+01       4.201072E+01
      2.924124E-04       4.320700E+01       4.201072E+01
      3.290001E-04       4.318100E+01       4.201072E+01
      4.036145E-04       4.313800E+01       4.201072E+01
      4.280749E-04       4.312600E+01       4.201072E+01
      5.052962E-04       4.309200E+01       4.201072E+01
      6.060880E-04       4.306000E+01       4.201072E+01
      6.842310E-04       4.301500E+01       4.201072E+01
      7.745392E-04       4.298800E+01       4.201072E+01
      7.964937E-04       4.298100E+01       4.201072E+01
      8.334971E-04       4.297100E+01       4.201072E+01
      8.493824E-04       4.296700E+01       4.201072E+01
      8.621456E-04       4.296400E+01       4.201072E+01
      8.753266E-04       4.296000E+01       4.201072E+01
      8.867097E-04       4.295700E+01       4.201072E+01
      8.981829E-04       4.295300E+01       4.201072E+01
      9.077098E-04       4.295100E+01       4.201072E+01
      9.137691E-04       4.294900E+01       4.201072E+01
      9.233706E-04       4.294500E+01       4.201072E+01
      9.474399E-04       4.293800E+01       4.201072E+01
      1.044213E-03       4.291400E+01       4.201072E+01
      1.171276E-03       4.288500E+01       4.201072E+01
      1.194360E-03       4.288000E+01       4.201072E+01
      1.400722E-03       4.284000E+01       4.201072E+01
      1.426734E-03       4.283700E+01       4.201072E+01
      1.568631E-03       4.281300E+01       4.201072E+01
      1.622462E-03       4.280200E+01       4.201072E+01
      1.658664E-03       4.279500E+01       4.201072E+01
      1.684928E-03       4.279100E+01       4.201072E+01
      1.711191E-03       4.278700E+01       4.201072E+01
      1.720407E-03       4.278500E+01       4.201072E+01
      1.729623E-03       4.278400E+01       4.201072E+01
      1.735767E-03       4.278300E+01       4.201072E+01
      1.749701E-03       4.278200E+01       4.201072E+01
      1.762806E-03       4.278000E+01       4.201072E+01
      1.775055E-03       4.278000E+01       4.201072E+01
      1.787258E-03       4.277900E+01       4.201072E+01
      1.832566E-03       4.277200E+01       4.201072E+01
      1.858948E-03       4.276700E+01       4.201072E+01
      1.859438E-03       4.276600E+01       4.201072E+01
      1.881518E-03       4.276300E+01       4.201072E+01
      1.900056E-03       4.276000E+01       4.201072E+01
      1.901446E-03       4.276000E+01       4.201072E+01
      1.946043E-03       4.275200E+01       4.201072E+01
      2.004942E-03       4.274200E+01       4.201072E+01
      2.074309E-03       4.273200E+01       4.201072E+01
      2.332533E-03       4.269400E+01       4.201072E+01
      2.373171E-03       4.268800E+01       4.201072E+01
      2.373242E-03       4.268800E+01       4.201072E+01
      2.378915E-03       4.269000E+01       4.201072E+01
      2.578642E-03       4.266600E+01       4.201072E+01
      2.637248E-03       4.265700E+01       4.201072E+01
      2.703751E-03       4.264800E+01       4.201072E+01
      2.774901E-03       4.263900E+01       4.201072E+01
      2.812799E-03       4.263400E+01       4.201030E+01
      2.851468E-03       4.263000E+01       4.201030E+01
      2.862313E-03       4.263200E+01       4.201030E+01
      2.924733E-03       4.262600E+01       4.201030E+01
      2.948015E-03       4.262300E+01       4.201030E+01
      2.990892E-03       4.261900E+01       4.201030E+01
      3.010487E-03       4.261700E+01       4.201030E+01
      3.049676E-03       4.261200E+01       4.201030E+01
      3.075187E-03       4.260900E+01       4.201030E+01
      3.100698E-03       4.260500E+01       4.201030E+01
      3.287002E-03       4.258100E+01       4.201030E+01
      3.369100E-03       4.257200E+01       4.201030E+01
      3.421292E-03       4.256600E+01       4.201030E+01
      3.621005E-03       4.254500E+01       4.201030E+01
      3.826963E-03       4.252500E+01       4.201030E+01
      3.930402E-03       4.251500E+01       4.201030E+01
      4.246133E-03       4.248600E+01       4.201030E+01
      4.447893E-03       4.246900E+01       4.201030E+01
      4.448047E-03       4.246900E+01       4.201030E+01
      4.821219E-03       4.244300E+01       4.201030E+01
      4.962075E-03       4.242800E+01       4.201030E+01
      5.020852E-03       4.242300E+01       4.201030E+01
      5.162635E-03       4.241000E+01       4.201030E+01
      5.255823E-03       4.240100E+01       4.201030E+01
      5.378867E-03       4.239200E+01       4.201030E+01
      5.440388E-03       4.238700E+01       4.201030E+01
      5.572009E-03       4.237700E+01       4.201030E+01
      5.572135E-03       4.237700E+01       4.201030E+01
      5.722348E-03       4.236600E+01       4.201030E+01
      5.813009E-03       4.236000E+01       4.201030E+01
      5.940959E-03       4.235100E+01       4.201030E+01
      6.004934E-03       4.234700E+01       4.201030E+01
      6.207203E-03       4.233400E+01       4.201030E+01
      6.216753E-03       4.233900E+01       4.201030E+01
      6.258828E-03       4.233600E+01       4.201030E+01
      6.294965E-03       4.233600E+01       4.201030E+01
      6.371016E-03       4.233000E+01       4.201030E+01
      6.428161E-03       4.232700E+01       4.201030E+01
      6.752682E-03       4.230800E+01       4.201030E+01
      6.862752E-03       4.230100E+01       4.201030E+01
      7.239870E-03       4.227400E+01       4.201030E+01
      7.439841E-03       4.226000E+01       4.201030E+01
      7.639810E-03       4.224600E+01       4.201030E+01
      7.640367E-03       4.224600E+01       4.201030E+01
      8.108328E-03       4.222200E+01       4.201030E+01
      8.811456E-03       4.218600E+01       4.201030E+01
      9.055257E-03       4.217400E+01       4.201030E+01
      9.198958E-03       4.217100E+01       4.201030E+01
      9.810012E-03       4.214700E+01       4.201030E+01
      9.944716E-03       4.214200E+01       4.200988E+01
      1.038177E-02       4.212400E+01       4.200988E+01
      1.071707E-02       4.211000E+01       4.200988E+01
      1.071741E-02       4.211000E+01       4.200988E+01
      1.132124E-02       4.209100E+01       4.200988E+01
      1.161238E-02       4.208100E+01       4.200988E+01
      1.175796E-02       4.207600E+01       4.200988E+01
      1.194961E-02       4.206900E+01       4.200988E+01
      1.214125E-02       4.206200E+01       4.200988E+01
      1.214171E-02       4.206200E+01       4.200988E+01
      1.278551E-02       4.204000E+01       4.200988E+01
      1.345888E-02       4.201600E+01       4.200988E+01
      1.382384E-02       4.200500E+01       4.200988E+01
      1.446881E-02       4.199000E+01       4.200988E+01
      1.512960E-02       4.197600E+01       4.200988E+01
      1.564424E-02       4.196600E+01       4.200988E+01
      1.620049E-02       4.195600E+01       4.200988E+01
      1.679835E-02       4.194400E+01       4.200988E+01
      1.709728E-02       4.193800E+01       4.200945E+01
      1.743672E-02       4.193000E+01       4.200945E+01
      1.777616E-02       4.192200E+01       4.200945E+01
      1.811560E-02       4.191300E+01       4.200945E+01
      1.845504E-02       4.190500E+01       4.200945E+01
      1.882987E-02       4.189500E+01       4.200945E+01
      1.957953E-02       4.187800E+01       4.200945E+01
      2.078850E-02       4.185600E+01       4.200945E+01
      2.162265E-02       4.184500E+01       4.200945E+01
      2.255585E-02       4.183400E+01       4.200945E+01
      2.255701E-02       4.183400E+01       4.200945E+01
      2.362473E-02       4.182200E+01       4.200945E+01
      2.447773E-02       4.181100E+01       4.200903E+01
      2.538149E-02       4.180100E+01       4.200903E+01
      2.585875E-02       4.179500E+01       4.200903E+01
      2.633601E-02       4.178900E+01       4.200903E+01
      2.657464E-02       4.178700E+01       4.200903E+01
      2.681326E-02       4.178400E+01       4.200903E+01
      2.705189E-02       4.178200E+01       4.200903E+01
      2.729052E-02       4.177900E+01       4.200903E+01
      2.762488E-02       4.177600E+01       4.200903E+01
      2.795924E-02       4.177300E+01       4.200903E+01
      2.818215E-02       4.177100E+01       4.200903E+01
      2.840506E-02       4.176900E+01       4.200903E+01
      2.862797E-02       4.176700E+01       4.200903E+01
      2.909473E-02       4.176200E+01       4.200903E+01
      2.932811E-02       4.176100E+01       4.200903E+01
      2.961983E-02       4.175800E+01       4.200903E+01
      2.985320E-02       4.175600E+01       4.200903E+01
      3.008658E-02       4.175400E+01       4.200903E+01
      3.045184E-02       4.175100E+01       4.200903E+01
      3.045291E-02       4.175100E+01       4.200903E+01
      3.069485E-02       4.174900E+01       4.200903E+01
      3.073370E-02       4.174900E+01       4.200903E+01
      3.077256E-02       4.174900E+01       4.200903E+01
      3.081141E-02       4.174800E+01       4.200903E+01
      3.088911E-02       4.174700E+01       4.200903E+01
      3.096682E-02       4.174700E+01       4.200903E+01
      3.108740E-02       4.174600E+01       4.200903E+01
      3.125889E-02       4.174400E+01       4.200903E+01
      3.134464E-02       4.174400E+01       4.200860E+01
      3.143039E-02       4.174300E+01       4.200860E+01
      3.156844E-02       4.174100E+01       4.200860E+01
      3.170649E-02       4.174000E+01       4.200860E+01
      3.181795E-02       4.174000E+01       4.200860E+01
      3.192940E-02       4.173900E+01       4.200860E+01
      3.201528E-02       4.173800E+01       4.200860E+01
      3.210116E-02       4.173700E+01       4.200860E+01
      3.218704E-02       4.173600E+01       4.200860E+01
      3.231194E-02       4.173400E+01       4.200860E+01
      3.243684E-02       4.173100E+01       4.200860E+01
      3.256173E-02       4.172700E+01       4.200860E+01
      3.268664E-02       4.172200E+01       4.200860E+01
      3.280996E-02       4.171500E+01       4.200860E+01
      3.290245E-02       4.172200E+01       4.200860E+01
      3.302061E-02       4.171800E+01       4.200860E+01
      3.310794E-02       4.172100E+01       4.200860E+01
      3.315433E-02       4.172200E+01       4.200860E+01
      3.334791E-02       4.158800E+01       4.200860E+01
      3.338736E-02       4.149000E+01       4.200860E+01
      3.341279E-02       4.135300E+01       4.200860E+01
      3.343822E-02       4.108500E+01       4.200860E+01
      3.346366E-02       3.909800E+01       4.200860E+01
      3.348909E-02       3.213000E+01       4.200860E+01
      3.350816E-02       3.213100E+01       4.200860E+01
      3.351929E-02       3.220000E+01       4.200860E+01
      3.355508E-02       3.241300E+01       4.200860E+01
      3.361129E-02       3.384600E+01       4.200860E+01
      3.363215E-02       3.451500E+01       4.200860E+01
      3.367592E-02       3.640000E+01       4.200860E+01
      3.374461E-02       3.774200E+01       4.200860E+01
      3.382674E-02       4.077400E+01       4.200860E+01
      3.383885E-02       4.150600E+01       4.200860E+01
      3.385096E-02       4.183600E+01       4.200860E+01
      3.386307E-02       4.207200E+01       4.200860E+01
      3.386964E-02       4.217900E+01       4.200860E+01
      3.387620E-02       4.227600E+01       4.200860E+01
      3.388276E-02       4.236700E+01       4.200860E+01
      3.388932E-02       4.245000E+01       4.200860E+01
      3.389587E-02       4.252600E+01       4.200860E+01
      3.390243E-02       4.259700E+01       4.200860E+01
      3.390735E-02       4.264600E+01       4.200860E+01
      3.391391E-02       4.270900E+01       4.200860E+01
      3.392244E-02       4.278300E+01       4.200860E+01
      3.393295E-02       4.286400E+01       4.200860E+01
      3.394346E-02       4.293700E+01       4.200860E+01
      3.395396E-02       4.300200E+01       4.200860E+01
      3.397290E-02       4.310000E+01       4.200860E+01
      3.398977E-02       4.317300E+01       4.200860E+01
      3.402350E-02       4.328500E+01       4.200860E+01
      3.408160E-02       4.340800E+01       4.200860E+01
      3.418308E-02       4.349800E+01       4.200860E+01
      3.450950E-02       4.340500E+01       4.200860E+01
      3.459717E-02       4.334400E+01       4.200860E+01
      3.462705E-02       4.332100E+01       4.200860E+01
      3.503635E-02       4.304700E+01       4.200860E+01
      3.524606E-02       4.297300E+01       4.200860E+01
      3.535090E-02       4.295800E+01       4.200860E+01
      3.570700E-02       4.294000E+01       4.200860E+01
      3.671501E-02       4.276800E+01       4.200860E+01
      3.705039E-02       4.277600E+01       4.200860E+01
      3.709035E-02       4.276800E+01       4.200860E+01
      3.775310E-02       4.266600E+01       4.200860E+01
      3.912128E-02       4.238800E+01       4.200817E+01
      4.006528E-02       4.233800E+01       4.200817E+01
      4.203690E-02       4.209900E+01       4.200817E+01
      4.340389E-02       4.207200E+01       4.200817E+01
      4.391817E-02       4.208300E+01       4.200817E+01
      4.433513E-02       4.209800E+01       4.200817E+01
      4.466511E-02       4.211000E+01       4.200817E+01
      4.514015E-02       4.213100E+01       4.200817E+01
      4.519699E-02       4.212600E+01       4.200817E+01
      4.527152E-02       4.212900E+01       4.200817E+01
      4.581441E-02       4.214800E+01       4.200775E+01
      4.636021E-02       4.216500E+01       4.200775E+01
      5.101090E-02       4.209300E+01       4.200775E+01
      5.198194E-02       4.202800E+01       4.200775E+01
      5.249777E-02       4.199100E+01       4.200775E+01
      5.301361E-02       4.195300E+01       4.200732E+01
      5.376754E-02       4.189700E+01       4.200732E+01
      5.414450E-02       4.187100E+01       4.200732E+01
      5.452146E-02       4.184700E+01       4.200732E+01
      5.527538E-02       4.181200E+01       4.200732E+01
      5.528080E-02       4.181200E+01       4.200732E+01
      5.550425E-02       4.190300E+01       4.200732E+01
      5.702800E-02       4.179100E+01       4.200732E+01
      5.849917E-02       4.175200E+01       4.200732E+01
      5.923475E-02       4.174100E+01       4.200732E+01
      6.020881E-02       4.172900E+01       4.200689E+01
      6.118286E-02       4.171900E+01       4.200689E+01
      6.215692E-02       4.170900E+01       4.200689E+01
      6.313096E-02       4.169900E+01       4.200689E+01
      6.421762E-02       4.168800E+01       4.200689E+01
      6.530428E-02       4.167600E+01       4.200689E+01
      6.531606E-02       4.167600E+01       4.200689E+01
      6.676040E-02       4.166200E+01       4.200689E+01
      6.764764E-02       4.165500E+01       4.200647E+01
      6.814003E-02       4.165000E+01       4.200647E+01
      6.863242E-02       4.164600E+01       4.200647E+01
      6.998495E-02       4.163600E+01       4.200647E+01
      7.084508E-02       4.162900E+01       4.200647E+01
      7.170520E-02       4.162300E+01       4.200647E+01
      7.270498E-02       4.161600E+01       4.200647E+01
      7.370477E-02       4.160900E+01       4.200647E+01
      7.470455E-02       4.160200E+01       4.200604E+01
      7.631152E-02       4.159100E+01       4.200604E+01
      7.631473E-02       4.159100E+01       4.200604E+01
      7.634638E-02       4.159200E+01       4.200604E+01
      7.710705E-02       4.158900E+01       4.200604E+01
      7.729324E-02       4.158700E+01       4.200604E+01
      7.768082E-02       4.158500E+01       4.200604E+01
      7.806840E-02       4.158200E+01       4.200604E+01
      8.144071E-02       4.156400E+01       4.200561E+01
      8.247961E-02       4.155900E+01       4.200561E+01
      8.351852E-02       4.155500E+01       4.200561E+01
      8.455742E-02       4.155100E+01       4.200561E+01
      8.774086E-02       4.154200E+01       4.200561E+01
      8.775127E-02       4.154200E+01       4.200561E+01
      8.933834E-02       4.154000E+01       4.200518E+01
      9.043348E-02       4.153800E+01       4.200518E+01
      9.321472E-02       4.153300E+01       4.200518E+01
      9.490081E-02       4.152800E+01       4.200518E+01
      9.658689E-02       4.152200E+01       4.200475E+01
      9.827298E-02       4.151600E+01       4.200475E+01
      1.004560E-01       4.150900E+01       4.200475E+01
      1.004811E-01       4.150900E+01       4.200475E+01
      1.016700E-01       4.150600E+01       4.200475E+01
      1.032445E-01       4.150300E+01       4.200432E+01
      1.063934E-01       4.150100E+01       4.200432E+01
      1.079679E-01       4.150100E+01       4.200432E+01
      1.106138E-01       4.150100E+01       4.200389E+01
      1.127198E-01       4.150100E+01       4.200389E+01
      1.145653E-01       4.150000E+01       4.200389E+01
      1.200333E-01       4.149400E+01       4.200346E+01
      1.223478E-01       4.149200E+01       4.200346E+01
      1.246624E-01       4.148900E+01       4.200303E+01
      1.269738E-01       4.148600E+01       4.200303E+01
      1.275517E-01       4.148500E+01       4.200303E+01
      1.358288E-01       4.147800E+01       4.200260E+01
      1.435686E-01       4.147200E+01       4.200217E+01
      1.480904E-01       4.146600E+01       4.200173E+01
      1.502883E-01       4.146300E+01       4.200173E+01
      1.524863E-01       4.145900E+01       4.200173E+01
      1.541180E-01       4.145600E+01       4.200130E+01
      1.640494E-01       4.144000E+01       4.200087E+01
      1.788523E-01       4.142300E+01       4.200000E+01
      1.873959E-01       4.141400E+01       4.199952E+01
      2.062957E-01       4.138100E+01       4.199839E+01
      2.129923E-01       4.137200E+01       4.199800E+01
      2.130208E-01       4.137200E+01       4.199800E+01
      2.295949E-01       4.135800E+01       4.199699E+01
      2.384869E-01       4.134800E+01       4.199647E+01
      2.385315E-01       4.134800E+01       4.199647E+01
      2.522040E-01       4.132500E+01       4.199564E+01
      2.584387E-01       4.131400E+01       4.199528E+01
      2.659377E-01       4.130400E+01       4.199484E+01
      2.709370E-01       4.129900E+01       4.199454E+01
      2.759364E-01       4.129500E+01       4.199423E+01
      2.937080E-01       4.128200E+01       4.199317E+01
      2.952350E-01       4.128000E+01       4.199308E+01
      3.176380E-01       4.126300E+01       4.199176E+01
      3.251451E-01       4.125800E+01       4.199131E+01
      3.305101E-01       4.125400E+01       4.199100E+01
      3.358751E-01       4.125000E+01       4.199069E+01
      3.584072E-01       4.123500E+01       4.198936E+01
      3.626259E-01       4.123300E+01       4.198909E+01
      3.857767E-01       4.122100E+01       4.198771E+01
      4.086159E-01       4.120500E+01       4.198637E+01
      4.184410E-01       4.119700E+01       4.198579E+01
      4.392691E-01       4.118700E+01       4.198457E+01
      4.953536E-01       4.116100E+01       4.198127E+01
      5.287852E-01       4.114600E+01       4.197928E+01
      6.187620E-01       4.108100E+01       4.197396E+01
      6.413292E-01       4.106200E+01       4.197267E+01
      6.862697E-01       4.102300E+01       4.197002E+01
      7.518124E-01       4.097500E+01       4.196619E+01
      7.752100E-01       4.096300E+01       4.196478E+01
      7.767946E-01       4.096100E+01       4.196468E+01
      7.793543E-01       4.096000E+01       4.196454E+01
      7.834022E-01       4.095800E+01       4.196431E+01
      8.728393E-01       4.093700E+01       4.195909E+01
      9.031868E-01       4.094500E+01       4.195732E+01
      9.289786E-01       4.095200E+01       4.195578E+01
      9.329557E-01       4.095300E+01       4.195559E+01
      9.340748E-01       4.095300E+01       4.195550E+01
      9.346232E-01       4.095300E+01       4.195545E+01
      9.350040E-01       4.095300E+01       4.195545E+01
      9.350105E-01       4.095300E+01       4.195545E+01
      9.355686E-01       4.095300E+01       4.195540E+01
      9.357421E-01       4.095200E+01       4.195540E+01
      9.368683E-01       4.095200E+01       4.195535E+01
      9.374361E-01       4.095200E+01       4.195530E+01
      9.395608E-01       4.095200E+01       4.195521E+01
      9.412427E-01       4.095200E+01       4.195506E+01
      9.432971E-01       4.095200E+01       4.195497E+01
      9.464233E-01       4.095300E+01       4.195477E+01
      9.507356E-01       4.095300E+01       4.195453E+01
      9.565720E-01       4.095300E+01       4.195419E+01
      9.602606E-01       4.095300E+01       4.195395E+01
      9.631473E-01       4.095300E+01       4.195381E+01
      9.664983E-01       4.095300E+01       4.195361E+01
      9.688161E-01       4.095200E+01       4.195347E+01
      9.706704E-01       4.095300E+01       4.195337E+01
      9.725866E-01       4.095200E+01       4.195328E+01
      9.742632E-01       4.095300E+01       4.195318E+01
      9.766278E-01       4.095300E+01       4.195303E+01
      9.785134E-01       4.095300E+01       4.195289E+01
      9.792205E-01       4.095300E+01       4.195289E+01
      9.811061E-01       4.095300E+01       4.195274E+01
      9.835853E-01       4.095300E+01       4.195260E+01
      9.856514E-01       4.095300E+01       4.195250E+01
      9.876776E-01       4.095300E+01       4.195236E+01
      9.899222E-01       4.095300E+01       4.195226E+01
      9.926156E-01       4.095300E+01       4.195211E+01
      9.943967E-01       4.095300E+01       4.195197E+01
      9.970701E-01       4.095300E+01       4.195182E+01
      9.999754E-01       4.095300E+01       4.195168E+01
      1.002882E+00       4.095300E+01       4.195148E+01
      1.004699E+00       4.095300E+01       4.195139E+01
      1.006638E+00       4.095300E+01       4.195129E+01
      1.014256E+00       4.095300E+01       4.195085E+01
      1.018759E+00       4.095300E+01       4.195056E+01
      1.024447E+00       4.095300E+01       4.195022E+01
      1.029600E+00       4.095400E+01       4.194993E+01
      1.036471E+00       4.095600E+01       4.194954E+01
      1.038565E+00       4.095700E+01       4.194944E+01
      1.056107E+00       4.096600E+01       4.194841E+01
      1.097096E+00       4.097600E+01       4.194601E+01
      1.112464E+00       4.097300E+01       4.194512E+01
      1.129065E+00       4.097000E+01       4.194414E+01
      1.142883E+00       4.096800E+01       4.194335E+01
      1.163616E+00       4.096700E+01       4.194216E+01
      1.190002E+00       4.096700E+01       4.194062E+01
      1.250216E+00       4.096700E+01       4.193717E+01
      1.270958E+00       4.096700E+01       4.193596E+01
      1.273462E+00       4.096600E+01       4.193581E+01
      1.293518E+00       4.096600E+01       4.193465E+01
      1.350842E+00       4.096500E+01       4.193136E+01
      1.405707E+00       4.096500E+01       4.192819E+01
      1.478147E+00       4.096500E+01       4.192402E+01
      1.493327E+00       4.096400E+01       4.192314E+01
      1.494985E+00       4.096400E+01       4.192304E+01
      1.501281E+00       4.096400E+01       4.192267E+01
      1.516797E+00       4.096400E+01       4.192179E+01
      1.540675E+00       4.096400E+01       4.192044E+01
      1.667564E+00       4.096500E+01       4.191318E+01
      1.778071E+00       4.096400E+01       4.190687E+01
      1.844936E+00       4.096400E+01       4.190309E+01
      1.949171E+00       4.096300E+01       4.189713E+01
      2.017909E+00       4.096200E+01       4.189326E+01
      2.020840E+00       4.096100E+01       4.189310E+01
      2.021350E+00       4.096100E+01       4.189310E+01
      2.024236E+00       4.096100E+01       4.189293E+01
      2.026679E+00       4.096100E+01       4.189276E+01
      2.030678E+00       4.096100E+01       4.189254E+01
      2.032207E+00       4.096100E+01       4.189248E+01
      2.039887E+00       4.096100E+01       4.189204E+01
      2.046324E+00       4.096000E+01       4.189165E+01
      2.053165E+00       4.096000E+01       4.189126E+01
      2.060953E+00       4.096000E+01       4.189087E+01
      2.075458E+00       4.095900E+01       4.189003E+01
      2.080977E+00       4.095900E+01       4.188969E+01
      2.086497E+00       4.095900E+01       4.188941E+01
      2.092016E+00       4.095900E+01       4.188908E+01
      2.099943E+00       4.095900E+01       4.188863E+01
      2.115795E+00       4.095800E+01       4.188773E+01
      2.133046E+00       4.095800E+01       4.188677E+01
      2.167016E+00       4.095800E+01       4.188485E+01
      2.178163E+00       4.095800E+01       4.188423E+01
      2.190541E+00       4.095900E+01       4.188355E+01
      2.202920E+00       4.096100E+01       4.188287E+01
      2.215298E+00       4.096600E+01       4.188218E+01
      2.234150E+00       4.098100E+01       4.188110E+01
      2.271855E+00       4.103800E+01       4.187898E+01
      2.271855E+00       4.103800E+01       4.187898E+01
      2.271856E+00       4.103900E+01       4.187898E+01
      2.276078E+00       4.104500E+01       4.187875E+01
      2.317957E+00       4.113600E+01       4.187639E+01
      2.384866E+00       4.121700E+01       4.187268E+01
      2.384866E+00       4.121700E+01       4.187268E+01
      2.384866E+00       4.121700E+01       4.187268E+01
      2.384878E+00       4.121400E+01       4.187268E+01
      2.384910E+00       4.121400E+01       4.187268E+01
      2.384996E+00       4.121500E+01       4.187268E+01
      2.385101E+00       4.121600E+01       4.187268E+01
      2.385253E+00       4.121800E+01       4.187268E+01
      2.385483E+00       4.121900E+01       4.187262E+01
      2.385816E+00       4.122100E+01       4.187262E+01
      2.386363E+00       4.122400E+01       4.187256E+01
      2.387263E+00       4.122600E+01       4.187256E+01
      2.388765E+00       4.122800E+01       4.187245E+01
      2.390253E+00       4.122900E+01       4.187239E+01
      2.394164E+00       4.123100E+01       4.187216E+01
      2.400961E+00       4.123200E+01       4.187181E+01
      2.489113E+00       4.113600E+01       4.186688E+01
      2.548925E+00       4.104100E+01       4.186344E+01
      2.548925E+00       4.104100E+01       4.186344E+01
      2.548925E+00       4.104000E+01       4.186344E+01
      2.548952E+00       4.104000E+01       4.186344E+01
      2.550963E+00       4.104100E+01       4.186338E+01
      2.569784E+00       4.102300E+01       4.186213E+01
      2.592866E+00       4.101100E+01       4.186088E+01
      2.625327E+00       4.100200E+01       4.185914E+01
      2.679362E+00       4.099300E+01       4.185612E+01
      2.710393E+00       4.098800E+01       4.185437E+01
      2.772147E+00       4.098300E+01       4.185095E+01
      2.828066E+00       4.098100E+01       4.184788E+01
      2.838269E+00       4.098100E+01       4.184733E+01
      2.887591E+00       4.097900E+01       4.184460E+01
      2.922212E+00       4.097700E+01       4.184273E+01
      2.979455E+00       4.097500E+01       4.183954E+01
      3.003400E+00       4.097400E+01       4.183822E+01
      3.124976E+00       4.097500E+01       4.183142E+01
      3.224167E+00       4.097200E+01       4.182614E+01
      3.258434E+00       4.097500E+01       4.182432E+01
      3.321799E+00       4.098700E+01       4.182079E+01
      3.365304E+00       4.099300E+01       4.181836E+01
      3.447244E+00       4.098900E+01       4.181405E+01
      3.528778E+00       4.098700E+01       4.180963E+01
      3.620888E+00       4.099800E+01       4.180455E+01
      3.737090E+00       4.100600E+01       4.179810E+01
      3.810156E+00       4.101200E+01       4.179400E+01
      3.858655E+00       4.101600E+01       4.179183E+01
      3.903779E+00       4.101800E+01       4.178916E+01
      3.955781E+00       4.102100E+01       4.178661E+01
      3.997542E+00       4.102500E+01       4.178433E+01
      4.032242E+00       4.102900E+01       4.178240E+01
      4.084013E+00       4.103500E+01       4.177952E+01
      4.123158E+00       4.103800E+01       4.177728E+01
      4.170831E+00       4.104300E+01       4.177503E+01
      4.250468E+00       4.105000E+01       4.177070E+01
      4.342549E+00       4.105800E+01       4.176574E+01
      4.423664E+00       4.106800E+01       4.176178E+01
      4.530829E+00       4.108300E+01       4.175610E+01
      4.635617E+00       4.109700E+01       4.175051E+01
      4.756775E+00       4.111200E+01       4.174406E+01
      4.931751E+00       4.113600E+01       4.173480E+01
      4.942160E+00       4.113700E+01       4.173424E+01
      5.138754E+00       4.116600E+01       4.172460E+01
      5.320634E+00       4.119500E+01       4.171533E+01
      5.609777E+00       4.126600E+01       4.170053E+01
      5.977684E+00       4.139500E+01       4.168205E+01
      6.126940E+00       4.145600E+01       4.167504E+01
      6.391193E+00       4.156200E+01       4.166219E+01
      6.560137E+00       4.163100E+01       4.165398E+01
      6.731605E+00       4.170300E+01       4.164591E+01
      6.800192E+00       4.173300E+01       4.164266E+01
      6.929783E+00       4.178900E+01       4.163669E+01
      6.994578E+00       4.181800E+01       4.163347E+01
      7.059373E+00       4.184700E+01       4.163043E+01
      7.124169E+00       4.187700E+01       4.162747E+01
      7.188964E+00       4.190800E+01       4.162439E+01
      7.253759E+00       4.194000E+01       4.162138E+01
      7.318555E+00       4.197200E+01       4.161847E+01
      7.455525E+00       4.204200E+01       4.161236E+01
      7.524011E+00       4.207800E+01       4.160906E+01
      7.592496E+00       4.211400E+01       4.160595E+01
      7.660982E+00       4.215200E+01       4.160293E+01
      7.712346E+00       4.218000E+01       4.160054E+01
      7.780831E+00       4.221900E+01       4.159748E+01
      7.837365E+00       4.225000E+01       4.159494E+01
      7.926533E+00       4.229900E+01       4.159095E+01
      8.015700E+00       4.234900E+01       4.158659E+01
      8.131783E+00       4.241200E+01       4.158172E+01
      8.218846E+00       4.245800E+01       4.157784E+01
      8.305908E+00       4.250200E+01       4.157415E+01
      8.363951E+00       4.253100E+01       4.157171E+01
      8.421992E+00       4.255800E+01       4.156914E+01
      8.574317E+00       4.262600E+01       4.156289E+01
      8.726643E+00       4.268700E+01       4.155642E+01
      8.878967E+00       4.274200E+01       4.155011E+01
      9.031293E+00       4.279300E+01       4.154382E+01
      9.137260E+00       4.282500E+01       4.153933E+01
      9.243228E+00       4.285700E+01       4.153504E+01
      9.349195E+00       4.288600E+01       4.153084E+01
      9.455163E+00       4.291400E+01       4.152660E+01
      9.667098E+00       4.296500E+01       4.151812E+01
      9.781235E+00       4.299000E+01       4.151362E+01
      1.000951E+01       4.303300E+01       4.150488E+01
      1.023778E+01       4.306900E+01       4.149624E+01
      1.042588E+01       4.309300E+01       4.148911E+01
      1.064778E+01       4.311600E+01       4.148087E+01
      1.072637E+01       4.312300E+01       4.147799E+01
      1.090429E+01       4.313600E+01       4.147100E+01
      1.121674E+01       4.315100E+01       4.146015E+01
      1.163009E+01       4.316200E+01       4.144607E+01
      1.172268E+01       4.316300E+01       4.144279E+01
      1.242063E+01       4.315700E+01       4.141996E+01
      1.347570E+01       4.311900E+01       4.138775E+01
      1.449763E+01       4.307100E+01       4.135889E+01
      1.551920E+01       4.302800E+01       4.133244E+01
      1.678729E+01       4.298200E+01       4.130255E+01
      1.785705E+01       4.294000E+01       4.127944E+01
      1.907706E+01       4.288600E+01       4.125575E+01
      1.941629E+01       4.287100E+01       4.124895E+01
      2.046548E+01       4.282500E+01       4.123019E+01
      2.117292E+01       4.279900E+01       4.121801E+01
      2.158506E+01       4.278600E+01       4.121139E+01
      2.259207E+01       4.275600E+01       4.119535E+01
      2.305289E+01       4.274300E+01       4.118808E+01
      2.350790E+01       4.273000E+01       4.118127E+01
      2.430547E+01       4.270600E+01       4.116938E+01
      2.531235E+01       4.266500E+01       4.115503E+01
      2.645385E+01       4.259500E+01       4.113988E+01
      2.750046E+01       4.247000E+01       4.112516E+01
      2.853553E+01       4.231300E+01       4.111227E+01
      2.966038E+01       4.216600E+01       4.109760E+01
      3.074934E+01       4.200800E+01       4.108063E+01
      3.213995E+01       4.183600E+01       4.106483E+01
      3.333190E+01       4.174400E+01       4.104922E+01
      3.452384E+01       4.167400E+01       4.103383E+01
      3.571579E+01       4.161200E+01       4.101662E+01
      3.690774E+01       4.155400E+01       4.100000E+01
      3.809968E+01       4.149700E+01       4.098340E+01
      3.929163E+01       4.143900E+01       4.096647E+01
      4.048358E+01       4.138000E+01       4.094983E+01
      4.167553E+01       4.132400E+01       4.093146E+01
      4.207284E+01       4.130500E+01       4.092567E+01
      4.326479E+01       4.125000E+01       4.090822E+01
      4.445674E+01       4.119600E+01       4.089120E+01
      4.564868E+01       4.114200E+01       4.087291E+01
      4.684063E+01       4.108800E+01       4.085516E+01
      4.803258E+01       4.103400E+01       4.083734E+01
      4.922453E+01       4.098100E+01       4.081948E+01
      5.041647E+01       4.093400E+01       4.080175E+01
      5.160842E+01       4.089600E+01       4.078340E+01
      5.280037E+01       4.086900E+01       4.076522E+01
      5.399232E+01       4.085300E+01       4.074733E+01
      5.518426E+01       4.084500E+01       4.072941E+01
      5.637621E+01       4.084100E+01       4.071155E+01
      5.756816E+01       4.083800E+01       4.069373E+01
      5.876010E+01       4.083500E+01       4.067970E+01
      5.995205E+01       4.083100E+01       4.065839E+01
      6.114400E+01       4.082500E+01       4.064068E+01
      6.233595E+01       4.081700E+01       4.062315E+01
      6.352789E+01       4.080900E+01       4.060584E+01
      6.471984E+01       4.079900E+01       4.059151E+01
      6.591179E+01       4.078700E+01       4.057101E+01
      6.710373E+01       4.077500E+01       4.055388E+01
      6.829568E+01       4.076200E+01       4.053681E+01
      6.948763E+01       4.074800E+01       4.051957E+01
      7.067958E+01       4.073400E+01       4.050529E+01
      7.187152E+01       4.072000E+01       4.048586E+01
      7.306347E+01       4.070700E+01       4.046909E+01
      7.425541E+01       4.069300E+01       4.045255E+01
      7.544736E+01       4.067900E+01       4.043600E+01
      7.663931E+01       4.066600E+01       4.042177E+01
      7.783126E+01       4.065300E+01       4.040329E+01
      7.902321E+01       4.064000E+01       4.038721E+01
      8.021515E+01       4.062700E+01       4.037107E+01
      8.140710E+01       4.061400E+01       4.035507E+01
      8.220173E+01       4.060500E+01       4.034459E+01
      8.339367E+01       4.059300E+01       4.032879E+01
      8.448630E+01       4.058100E+01       4.031197E+01
      8.508227E+01       4.057500E+01       4.030643E+01
      8.570308E+01       4.056800E+01       4.029425E+01
      8.597058E+01       4.056500E+01       4.029048E+01
      8.605267E+01       4.056300E+01       4.028914E+01
      8.622438E+01       4.055000E+01       4.028713E+01
      8.624166E+01       4.054600E+01       4.028668E+01
      8.626810E+01       4.054000E+01       4.028646E+01
      8.629555E+01       4.053100E+01       4.028601E+01
      8.629809E+01       4.053000E+01       4.028601E+01
      8.630776E+01       4.052800E+01       4.028578E+01
      8.634087E+01       4.051800E+01       4.028556E+01
      8.636020E+01       4.052100E+01       4.028511E+01
      8.637726E+01       4.053700E+01       4.028488E+01
      8.639001E+01       4.056200E+01       4.028488E+01
      8.639294E+01       4.056900E+01       4.028466E+01
      8.640415E+01       4.060100E+01       4.028466E+01
      8.641776E+01       4.064400E+01       4.028443E+01
      8.643223E+01       4.069100E+01       4.028421E+01
      8.644826E+01       4.073700E+01       4.028398E+01
      8.647151E+01       4.078700E+01       4.028375E+01
      8.648217E+01       4.080300E+01       4.028353E+01
      8.650093E+01       4.081800E+01       4.028330E+01
      8.671939E+01       4.062600E+01       4.028058E+01
      8.683366E+01       4.059700E+01       4.027921E+01
      8.689432E+01       4.057600E+01       4.027830E+01
      8.699711E+01       4.055300E+01       4.027692E+01
      8.710338E+01       4.054800E+01       4.027577E+01
      8.717712E+01       4.054800E+01       4.027462E+01
      8.724035E+01       4.054800E+01       4.027393E+01
      8.728344E+01       4.054700E+01       4.027346E+01
      8.733240E+01       4.054700E+01       4.027254E+01
      8.754033E+01       4.054300E+01       4.027021E+01
      8.763905E+01       4.054200E+01       4.026881E+01
      8.767750E+01       4.054200E+01       4.026834E+01
      8.783011E+01       4.053900E+01       4.026670E+01
      8.794947E+01       4.053900E+01       4.026482E+01
      8.806169E+01       4.053800E+01       4.026340E+01
      8.810149E+01       4.053900E+01       4.026293E+01
      8.830089E+01       4.054000E+01       4.026055E+01
      8.832073E+01       4.054100E+01       4.026007E+01
      8.838723E+01       4.054200E+01       4.025983E+01
      8.846757E+01       4.054300E+01       4.025840E+01
      8.857312E+01       4.054500E+01       4.025696E+01
      8.866738E+01       4.054600E+01       4.025551E+01
      8.878937E+01       4.054700E+01       4.025406E+01
      8.881853E+01       4.054800E+01       4.025358E+01
      8.896502E+01       4.054900E+01       4.025188E+01
      8.923438E+01       4.055200E+01       4.024846E+01
      8.954147E+01       4.055600E+01       4.024452E+01
      8.967924E+01       4.055700E+01       4.024254E+01
      8.990372E+01       4.055800E+01       4.023980E+01
      9.014393E+01       4.055800E+01       4.023729E+01
      9.028601E+01       4.055900E+01       4.023477E+01
      9.050751E+01       4.056200E+01       4.023249E+01
      9.067849E+01       4.056800E+01       4.023019E+01
      9.074595E+01       4.057200E+01       4.022917E+01
      9.091009E+01       4.058700E+01       4.022737E+01
      9.102887E+01       4.060100E+01       4.022557E+01
      9.120418E+01       4.063400E+01       4.022453E+01
      9.131977E+01       4.065900E+01       4.022167E+01
      9.145188E+01       4.069300E+01       4.022037E+01
      9.146508E+01       4.069600E+01       4.021985E+01
      9.156472E+01       4.072400E+01       4.021880E+01
      9.165767E+01       4.075200E+01       4.021775E+01
      9.167106E+01       4.075700E+01       4.021722E+01
      9.175455E+01       4.078500E+01       4.021643E+01
      9.180376E+01       4.080100E+01       4.021537E+01
      9.182446E+01       4.080800E+01       4.021511E+01
      9.186872E+01       4.082300E+01       4.021484E+01
      9.196360E+01       4.085500E+01       4.021378E+01
      9.201517E+01       4.087200E+01       4.021299E+01
      9.214712E+01       4.091700E+01       4.021165E+01
      9.225709E+01       4.095200E+01       4.021005E+01
      9.235330E+01       4.098200E+01       4.020871E+01
      9.236867E+01       4.098600E+01       4.020844E+01
      9.236911E+01       4.098600E+01       4.020817E+01
      9.238385E+01       4.099100E+01       4.020817E+01
      9.239765E+01       4.099500E+01       4.020790E+01
      9.249079E+01       4.102200E+01       4.020710E+01
      9.261558E+01       4.105500E+01       4.020520E+01
      9.274133E+01       4.108500E+01       4.020385E+01
      9.274801E+01       4.108600E+01       4.020330E+01
      9.283607E+01       4.110400E+01       4.020222E+01
      9.284709E+01       4.110700E+01       4.020222E+01
      9.290212E+01       4.111800E+01       4.020167E+01
      9.306970E+01       4.114300E+01       4.020085E+01
      9.319738E+01       4.115900E+01       4.019783E+01
      9.329770E+01       4.116900E+01       4.019673E+01
      9.345273E+01       4.118100E+01       4.019507E+01
      9.361233E+01       4.118700E+01       4.019285E+01
      9.369321E+01       4.118800E+01       4.019145E+01
      9.374611E+01       4.118800E+01       4.019089E+01
      9.380076E+01       4.118800E+01       4.019005E+01
      9.382130E+01       4.118700E+01       4.018977E+01
      9.383002E+01       4.118700E+01       4.018977E+01
      9.385339E+01       4.118700E+01       4.018949E+01
      9.388142E+01       4.118600E+01       4.018921E+01
      9.390083E+01       4.118500E+01       4.018893E+01
      9.399103E+01       4.118100E+01       4.018808E+01
      9.417534E+01       4.116900E+01       4.018724E+01
      9.422066E+01       4.116600E+01       4.018469E+01
      9.441951E+01       4.114700E+01       4.018327E+01
      9.450774E+01       4.113700E+01       4.018127E+01
      9.466576E+01       4.111700E+01       4.018041E+01
      9.487322E+01       4.108900E+01       4.017696E+01
      9.505104E+01       4.106400E+01       4.017464E+01
      9.507484E+01       4.106100E+01       4.017406E+01
      9.512728E+01       4.105400E+01       4.017377E+01
      9.538330E+01       4.102700E+01       4.017114E+01
      9.540205E+01       4.102500E+01       4.016997E+01
      9.563458E+01       4.101700E+01       4.016761E+01
      9.590417E+01       4.104500E+01       4.016495E+01
      9.609411E+01       4.109900E+01       4.016167E+01
      9.618572E+01       4.113300E+01       4.016047E+01
      9.631798E+01       4.119400E+01       4.015927E+01
      9.647854E+01       4.129100E+01       4.015776E+01
      9.665043E+01       4.141000E+01       4.015503E+01
      9.689709E+01       4.159900E+01       4.015259E+01
      9.709575E+01       4.176100E+01       4.015014E+01
      9.724474E+01       4.187800E+01       4.014799E+01
      9.744340E+01       4.203700E+01       4.014582E+01
      9.754671E+01       4.211700E+01       4.014364E+01
      9.788856E+01       4.239200E+01       4.014208E+01
      9.814367E+01       4.258300E+01       4.013893E+01
      9.839878E+01       4.275300E+01       4.013672E+01
      9.869677E+01       4.291900E+01       4.013033E+01
      9.909408E+01       4.312000E+01       4.012646E+01
      9.949140E+01       4.328600E+01       4.012057E+01
      9.983905E+01       4.340800E+01       4.011628E+01
      1.001619E+02       4.350400E+01       4.011160E+01
      1.005716E+02       4.360200E+01       4.010890E+01
      1.008199E+02       4.364900E+01       4.010585E+01
      1.009848E+02       4.367600E+01       4.010140E+01
      1.010515E+02       4.368600E+01       4.010106E+01
      1.015022E+02       4.373700E+01       4.009656E+01
      1.018324E+02       4.375900E+01       4.009132E+01
      1.018863E+02       4.376200E+01       4.009061E+01
      1.018902E+02       4.376200E+01       4.009026E+01
      1.018903E+02       4.376200E+01       4.009026E+01
      1.020142E+02       4.377000E+01       4.008884E+01
      1.020215E+02       4.377100E+01       4.008884E+01
      1.020399E+02       4.377200E+01       4.008849E+01
      1.020400E+02       4.377200E+01       4.008849E+01
      1.020405E+02       4.377200E+01       4.008849E+01
      1.020523E+02       4.377100E+01       4.008849E+01
      1.020537E+02       4.377100E+01       4.008849E+01
      1.020558E+02       4.377200E+01       4.008849E+01
      1.020699E+02       4.377200E+01       4.008814E+01
      1.020719E+02       4.377300E+01       4.008814E+01
      1.020992E+02       4.377300E+01       4.008778E+01
      1.021852E+02       4.377500E+01       4.008672E+01
      1.021919E+02       4.377500E+01       4.008672E+01
      1.021955E+02       4.377500E+01       4.008672E+01
      1.023832E+02       4.377400E+01       4.008493E+01
      1.025420E+02       4.377000E+01       4.008279E+01
      1.026329E+02       4.376600E+01       4.008135E+01
      1.028188E+02       4.375600E+01       4.007954E+01
      1.031216E+02       4.373200E+01       4.007664E+01
      1.033177E+02       4.371200E+01       4.007335E+01
      1.039308E+02       4.362700E+01       4.006633E+01
      1.044765E+02       4.352900E+01       4.005994E+01
      1.055512E+02       4.331200E+01       4.004727E+01
      1.058637E+02       4.325100E+01       4.004258E+01
      1.060423E+02       4.321700E+01       4.004060E+01
      1.061064E+02       4.320300E+01       4.003981E+01
      1.061537E+02       4.319100E+01       4.003941E+01
      1.061539E+02       4.319100E+01       4.003941E+01
      1.061686E+02       4.318700E+01       4.003902E+01
      1.061689E+02       4.318700E+01       4.003902E+01
      1.062458E+02       4.317300E+01       4.003822E+01
      1.062897E+02       4.316600E+01       4.003782E+01
      1.063744E+02       4.315200E+01       4.003663E+01
      1.064439E+02       4.314200E+01       4.003583E+01
      1.065761E+02       4.312200E+01       4.003423E+01
      1.066410E+02       4.311300E+01       4.003342E+01
      1.068536E+02       4.308500E+01       4.003141E+01
      1.070042E+02       4.306700E+01       4.002938E+01
      1.070383E+02       4.306300E+01       4.002857E+01
      1.070477E+02       4.306200E+01       4.002857E+01
      1.070694E+02       4.306000E+01       4.002857E+01
      1.073385E+02       4.303100E+01       4.002531E+01
      1.075215E+02       4.301200E+01       4.002325E+01
      1.077282E+02       4.299100E+01       4.002078E+01
      1.080283E+02       4.296200E+01       4.001703E+01
      1.082606E+02       4.294300E+01       4.001452E+01
      1.084086E+02       4.293000E+01       4.001284E+01
      1.086834E+02       4.290800E+01       4.000945E+01
      1.087288E+02       4.290500E+01       4.000903E+01
      1.087497E+02       4.290300E+01       4.000860E+01
      1.087580E+02       4.290300E+01       4.000860E+01
      1.090134E+02       4.288500E+01       4.000689E+01
      1.090821E+02       4.287900E+01       4.000475E+01
      1.092939E+02       4.286400E+01       4.000217E+01
      1.093065E+02       4.286300E+01       4.000217E+01
      1.093167E+02       4.286200E+01       4.000217E+01
      1.095170E+02       4.284900E+01       4.000000E+01
      1.096502E+02       4.283900E+01       3.999808E+01
      1.099645E+02       4.281700E+01       3.999454E+01
      1.100067E+02       4.281400E+01       3.999392E+01
      1.101009E+02       4.280800E+01       3.999282E+01
      1.101144E+02       4.280700E+01       3.999264E+01
      1.101517E+02       4.280400E+01       3.999233E+01
      1.104853E+02       4.278200E+01       3.998865E+01
      1.104888E+02       4.278200E+01       3.998829E+01
      1.107863E+02       4.276300E+01       3.998484E+01
      1.108032E+02       4.276200E+01       3.998466E+01
      1.110587E+02       4.274800E+01       3.998182E+01
      1.113236E+02       4.273500E+01       3.997950E+01
      1.114552E+02       4.272900E+01       3.997704E+01
      1.114749E+02       4.272800E+01       3.997685E+01
      1.118198E+02       4.271500E+01       3.997373E+01
      1.119364E+02       4.271100E+01       3.997146E+01
      1.119784E+02       4.271000E+01       3.997104E+01
      1.122088E+02       4.270500E+01       3.996923E+01
      1.125581E+02       4.270000E+01       3.996501E+01
      1.128684E+02       4.270100E+01       3.996104E+01
      1.130650E+02       4.270300E+01       3.995847E+01
      1.130789E+02       4.270300E+01       3.995828E+01
      1.132280E+02       4.270700E+01       3.995684E+01
      1.134325E+02       4.271100E+01       3.995424E+01
      1.135941E+02       4.271500E+01       3.995270E+01
      1.138350E+02       4.272200E+01       3.994993E+01
      1.139780E+02       4.272700E+01       3.994802E+01
      1.140603E+02       4.273000E+01       3.994709E+01
      1.140933E+02       4.273100E+01       3.994665E+01
      1.140935E+02       4.273100E+01       3.994665E+01
      1.140935E+02       4.273100E+01       3.994665E+01
      1.140954E+02       4.273100E+01       3.994660E+01
      1.141105E+02       4.273100E+01       3.994645E+01
      1.141874E+02       4.272800E+01       3.994557E+01
      1.142070E+02       4.272800E+01       3.994537E+01
      1.142777E+02       4.272900E+01       3.994453E+01
      1.143936E+02       4.273100E+01       3.994325E+01
      1.143980E+02       4.273100E+01       3.994315E+01
      1.144215E+02       4.273200E+01       3.994305E+01
      1.146013E+02       4.273700E+01       3.994086E+01
      1.147597E+02       4.274100E+01       3.993902E+01
      1.148066E+02       4.274200E+01       3.993852E+01
      1.149909E+02       4.274500E+01       3.993682E+01
      1.151651E+02       4.274800E+01       3.993440E+01
      1.152947E+02       4.274900E+01       3.993374E+01
      1.156374E+02       4.274900E+01       3.992967E+01
      1.157397E+02       4.274900E+01       3.992819E+01
      1.159767E+02       4.274600E+01       3.992516E+01
      1.160149E+02       4.274600E+01       3.992469E+01
      1.163721E+02       4.274000E+01       3.992200E+01
      1.165305E+02       4.273600E+01       3.991887E+01
      1.165378E+02       4.273600E+01       3.991876E+01
      1.168471E+02       4.272700E+01       3.991614E+01
