 days post max Lbol   log_Lbol (erg/s)   log_Lnuc (erg/s)
     -1.895887E-04       4.221000E+01       4.281345E+01
     -1.895887E-04       4.221000E+01       4.281345E+01
     -1.895887E-04       4.221000E+01       4.281345E+01
     -1.895887E-04       4.221000E+01       4.281345E+01
     -1.895887E-04       4.221000E+01       4.281345E+01
     -1.895887E-04       4.221000E+01       4.281345E+01
     -1.895887E-04       4.221000E+01       4.281345E+01
     -1.895887E-04       4.221000E+01       4.281345E+01
     -1.895887E-04       4.221000E+01       4.281345E+01
     -1.895887E-04       4.221000E+01       4.281345E+01
     -1.895887E-04       4.221000E+01       4.281345E+01
     -1.895887E-04       4.221000E+01       4.281345E+01
     -1.895887E-04       4.221000E+01       4.281345E+01
     -1.895887E-04       4.221000E+01       4.281345E+01
     -1.895887E-04       4.221000E+01       4.281345E+01
     -1.895887E-04       4.221000E+01       4.281345E+01
     -1.895887E-04       4.221000E+01       4.281345E+01
     -1.895887E-04       4.221000E+01       4.281345E+01
     -1.895887E-04       4.221000E+01       4.281345E+01
     -1.895887E-04       4.221000E+01       4.281345E+01
     -1.895887E-04       4.221000E+01       4.281345E+01
     -1.895887E-04       4.221000E+01       4.281345E+01
     -1.895887E-04       4.221000E+01       4.281345E+01
     -1.895887E-04       4.221000E+01       4.281345E+01
     -1.895887E-04       4.221000E+01       4.281345E+01
     -1.895887E-04       4.221000E+01       4.281345E+01
     -1.895887E-04       4.221000E+01       4.281345E+01
     -1.895887E-04       4.221000E+01       4.281345E+01
     -1.895887E-04       4.221000E+01       4.281345E+01
     -1.895887E-04       4.221000E+01       4.281345E+01
     -1.895887E-04       4.221000E+01       4.281345E+01
     -1.895887E-04       4.221000E+01       4.281345E+01
     -1.895887E-04       4.221000E+01       4.281345E+01
     -1.895887E-04       4.221000E+01       4.281345E+01
     -1.895887E-04       4.221000E+01       4.281345E+01
     -1.895887E-04       4.221000E+01       4.281345E+01
     -1.895887E-04       4.221000E+01       4.281345E+01
     -1.895887E-04       4.221000E+01       4.281345E+01
     -1.895887E-04       4.221000E+01       4.281345E+01
     -1.895887E-04       4.221000E+01       4.281345E+01
     -1.895887E-04       4.221000E+01       4.281345E+01
     -1.895887E-04       4.221000E+01       4.281345E+01
     -1.895887E-04       4.221000E+01       4.281345E+01
     -1.895887E-04       4.221000E+01       4.281345E+01
     -1.895887E-04       4.221000E+01       4.281345E+01
     -1.895887E-04       4.221000E+01       4.281345E+01
     -1.895887E-04       4.221000E+01       4.281345E+01
     -1.895887E-04       4.221000E+01       4.281345E+01
     -1.895887E-04       4.221000E+01       4.281345E+01
     -1.895887E-04       4.221000E+01       4.281345E+01
     -1.895887E-04       4.221000E+01       4.281345E+01
     -1.895887E-04       4.221000E+01       4.281345E+01
     -1.895887E-04       4.221000E+01       4.281345E+01
     -1.895887E-04       4.221000E+01       4.281345E+01
     -1.895887E-04       4.221000E+01       4.281345E+01
     -1.895887E-04       4.221000E+01       4.281345E+01
     -1.895886E-04       4.221000E+01       4.281345E+01
     -1.895886E-04       4.221000E+01       4.281345E+01
     -1.895886E-04       4.221000E+01       4.281345E+01
     -1.895885E-04       4.221000E+01       4.281345E+01
     -1.895885E-04       4.221000E+01       4.281345E+01
     -1.895884E-04       4.221000E+01       4.281345E+01
     -1.895883E-04       4.221000E+01       4.281345E+01
     -1.895882E-04       4.221000E+01       4.281345E+01
     -1.895880E-04       4.221000E+01       4.281345E+01
     -1.895878E-04       4.221000E+01       4.281345E+01
     -1.895877E-04       4.221000E+01       4.281345E+01
     -1.895873E-04       4.221000E+01       4.281345E+01
     -1.895870E-04       4.221000E+01       4.281345E+01
     -1.895866E-04       4.221000E+01       4.281345E+01
     -1.895862E-04       4.221000E+01       4.281345E+01
     -1.895854E-04       4.221000E+01       4.281345E+01
     -1.895846E-04       4.221000E+01       4.281345E+01
     -1.895838E-04       4.221000E+01       4.281345E+01
     -1.895830E-04       4.221000E+01       4.281345E+01
     -1.895812E-04       4.221000E+01       4.281345E+01
     -1.895794E-04       4.221000E+01       4.281345E+01
     -1.895776E-04       4.221000E+01       4.281345E+01
     -1.895722E-04       4.221000E+01       4.281345E+01
     -1.895648E-04       4.221000E+01       4.281345E+01
     -1.895035E-04       4.221000E+01       4.281345E+01
     -1.894752E-04       4.221000E+01       4.281345E+01
     -1.894271E-04       4.221000E+01       4.281345E+01
     -1.893790E-04       4.221000E+01       4.281345E+01
     -1.892939E-04       4.221000E+01       4.281345E+01
     -1.892089E-04       4.221000E+01       4.281345E+01
     -1.890250E-04       4.221000E+01       4.281345E+01
     -1.888410E-04       4.221000E+01       4.281345E+01
     -1.886364E-04       4.221000E+01       4.281345E+01
     -1.884317E-04       4.221000E+01       4.281345E+01
     -1.882271E-04       4.221000E+01       4.281345E+01
     -1.880225E-04       4.221000E+01       4.281345E+01
     -1.877411E-04       4.221000E+01       4.281345E+01
     -1.874598E-04       4.221000E+01       4.281345E+01
     -1.871784E-04       4.221000E+01       4.281345E+01
     -1.866156E-04       4.221000E+01       4.281345E+01
     -1.862045E-04       4.221000E+01       4.281345E+01
     -1.853823E-04       4.221000E+01       4.281345E+01
     -1.845601E-04       4.221000E+01       4.281345E+01
     -1.835193E-04       4.221000E+01       4.281345E+01
     -1.824784E-04       4.221000E+01       4.281345E+01
     -1.809194E-04       4.221000E+01       4.281345E+01
     -1.793615E-04       4.221000E+01       4.281345E+01
     -1.774025E-04       4.221000E+01       4.281345E+01
     -1.753131E-04       4.221000E+01       4.281345E+01
     -1.730487E-04       4.221000E+01       4.281345E+01
     -1.706276E-04       4.221000E+01       4.281345E+01
     -1.675029E-04       4.221000E+01       4.281345E+01
     -1.636929E-04       4.221000E+01       4.281345E+01
     -1.588558E-04       4.221000E+01       4.281345E+01
     -1.530875E-04       3.909300E+01       4.281345E+01
     -1.318253E-04       3.904700E+01       4.281345E+01
     -1.244985E-04       3.903500E+01       4.281345E+01
     -1.191696E-04       3.902800E+01       4.281345E+01
     -1.179190E-04       3.902600E+01       4.281345E+01
     -1.136110E-04       3.902100E+01       4.281345E+01
     -1.105255E-04       3.901700E+01       4.281345E+01
     -1.070572E-04       3.901300E+01       4.281345E+01
     -1.043298E-04       3.900900E+01       4.281345E+01
     -1.016244E-04       3.900600E+01       4.281345E+01
     -9.802450E-05       3.900300E+01       4.281345E+01
     -9.519120E-05       3.900000E+01       4.281345E+01
     -9.240450E-05       3.899700E+01       4.281345E+01
     -8.978520E-05       3.899500E+01       4.281345E+01
     -8.727930E-05       3.899300E+01       4.281345E+01
     -8.483280E-05       3.899000E+01       4.281345E+01
     -8.227840E-05       3.898800E+01       4.281345E+01
     -8.019300E-05       3.898700E+01       4.281345E+01
     -7.868830E-05       3.898600E+01       4.281345E+01
     -7.785050E-05       3.898500E+01       4.281345E+01
     -7.606960E-05       3.898300E+01       4.281345E+01
     -7.333480E-05       3.898100E+01       4.281345E+01
     -7.020400E-05       3.897900E+01       4.281345E+01
     -6.708030E-05       3.897700E+01       4.281345E+01
     -6.432430E-05       3.897500E+01       4.281345E+01
     -6.208130E-05       3.897300E+01       4.281345E+01
     -5.998260E-05       3.897200E+01       4.281345E+01
     -5.758170E-05       3.897000E+01       4.281345E+01
     -5.542880E-05       3.896900E+01       4.281345E+01
     -5.478730E-05       3.896800E+01       4.281345E+01
     -5.334040E-05       3.896700E+01       4.281345E+01
     -5.169740E-05       3.896600E+01       4.281345E+01
     -4.997460E-05       3.896500E+01       4.281345E+01
     -4.819930E-05       3.896400E+01       4.281345E+01
     -4.658050E-05       3.896300E+01       4.281345E+01
     -4.517390E-05       3.896200E+01       4.281345E+01
     -4.358290E-05       3.896100E+01       4.281345E+01
     -4.192720E-05       3.896000E+01       4.281345E+01
     -4.040210E-05       3.895900E+01       4.281345E+01
     -3.997060E-05       3.895900E+01       4.281345E+01
     -3.890100E-05       3.895900E+01       4.281345E+01
     -3.736260E-05       3.895800E+01       4.281345E+01
     -3.577770E-05       3.895700E+01       4.281345E+01
     -3.416850E-05       3.895600E+01       4.281345E+01
     -3.250220E-05       3.895500E+01       4.281345E+01
     -3.070650E-05       3.895400E+01       4.281345E+01
     -2.901280E-05       3.895400E+01       4.281345E+01
     -2.731080E-05       3.895300E+01       4.281345E+01
     -2.569320E-05       3.895200E+01       4.281345E+01
     -2.418340E-05       3.895100E+01       4.281345E+01
     -2.261770E-05       3.895000E+01       4.281345E+01
     -2.147620E-05       3.895000E+01       4.281345E+01
     -2.048870E-05       3.894900E+01       4.281345E+01
     -1.964330E-05       3.894900E+01       4.281345E+01
     -1.886830E-05       3.894900E+01       4.281345E+01
     -1.809640E-05       3.894800E+01       4.281345E+01
     -1.731620E-05       3.894800E+01       4.281345E+01
     -1.654110E-05       3.894800E+01       4.281345E+01
     -1.601760E-05       3.894700E+01       4.281345E+01
     -1.596250E-05       3.894700E+01       4.281345E+01
     -1.596250E-05       3.894700E+01       4.281345E+01
     -1.596250E-05       3.894700E+01       4.281345E+01
     -1.596230E-05       3.894700E+01       4.281345E+01
     -1.594800E-05       3.894700E+01       4.281345E+01
     -1.587210E-05       3.894700E+01       4.281345E+01
     -1.585630E-05       3.894700E+01       4.281345E+01
     -1.585570E-05       3.894700E+01       4.281345E+01
     -1.585490E-05       3.894700E+01       4.281345E+01
     -1.584680E-05       3.894700E+01       4.281345E+01
     -1.578820E-05       3.894700E+01       4.281345E+01
     -1.578460E-05       3.894700E+01       4.281345E+01
     -1.577980E-05       3.894700E+01       4.281345E+01
     -1.573420E-05       3.894700E+01       4.281345E+01
     -1.570690E-05       3.894700E+01       4.281345E+01
     -1.570270E-05       3.894700E+01       4.281345E+01
     -1.569710E-05       3.894700E+01       4.281345E+01
     -1.565120E-05       3.894700E+01       4.281345E+01
     -1.562240E-05       3.894700E+01       4.281345E+01
     -1.562080E-05       3.894700E+01       4.281345E+01
     -1.561870E-05       3.894700E+01       4.281345E+01
     -1.558300E-05       3.894700E+01       4.281345E+01
     -1.552990E-05       3.894700E+01       4.281345E+01
     -1.552860E-05       3.894700E+01       4.281345E+01
     -1.552660E-05       3.894700E+01       4.281345E+01
     -1.547050E-05       3.894700E+01       4.281345E+01
     -1.540320E-05       3.894700E+01       4.281345E+01
     -1.540200E-05       3.894700E+01       4.281345E+01
     -1.539710E-05       3.894700E+01       4.281345E+01
     -1.533510E-05       3.894700E+01       4.281345E+01
     -1.527770E-05       3.894700E+01       4.281345E+01
     -1.527700E-05       3.894700E+01       4.281345E+01
     -1.527390E-05       3.894700E+01       4.281345E+01
     -1.522510E-05       3.894700E+01       4.281345E+01
     -1.513510E-05       3.894700E+01       4.281345E+01
     -1.512090E-05       3.894700E+01       4.281345E+01
     -1.512030E-05       3.894700E+01       4.281345E+01
     -1.511760E-05       3.894700E+01       4.281345E+01
     -1.507490E-05       3.894700E+01       4.281345E+01
     -1.498560E-05       3.894700E+01       4.281345E+01
     -1.486100E-05       3.894700E+01       4.281345E+01
     -1.475590E-05       3.894700E+01       4.281345E+01
     -1.466460E-05       3.894600E+01       4.281345E+01
     -1.456620E-05       3.894600E+01       4.281345E+01
     -1.445430E-05       3.894600E+01       4.281345E+01
     -1.431880E-05       3.894600E+01       4.281345E+01
     -1.417030E-05       3.894600E+01       4.281345E+01
     -1.402720E-05       3.894600E+01       4.281345E+01
     -1.389320E-05       3.894600E+01       4.281345E+01
     -1.373900E-05       3.894600E+01       4.281345E+01
     -1.359390E-05       3.894600E+01       4.281345E+01
     -1.348500E-05       3.894600E+01       4.281345E+01
     -1.336150E-05       3.894600E+01       4.281345E+01
     -1.322630E-05       3.894600E+01       4.281345E+01
     -1.309410E-05       3.894600E+01       4.281345E+01
     -1.295740E-05       3.894600E+01       4.281345E+01
     -1.280530E-05       3.894600E+01       4.281345E+01
     -1.263640E-05       3.894600E+01       4.281345E+01
     -1.248780E-05       3.894500E+01       4.281345E+01
     -1.233630E-05       3.894500E+01       4.281345E+01
     -1.217060E-05       3.894500E+01       4.281345E+01
     -1.201380E-05       3.894500E+01       4.281345E+01
     -1.186660E-05       3.894500E+01       4.281345E+01
     -1.171230E-05       3.894500E+01       4.281345E+01
     -1.155850E-05       3.894500E+01       4.281345E+01
     -1.142060E-05       3.894500E+01       4.281345E+01
     -1.128040E-05       3.894500E+01       4.281345E+01
     -1.114270E-05       3.894500E+01       4.281345E+01
     -1.101100E-05       3.894500E+01       4.281345E+01
     -1.088560E-05       3.894500E+01       4.281345E+01
     -1.075220E-05       3.894500E+01       4.281345E+01
     -1.062700E-05       3.894500E+01       4.281345E+01
     -1.050290E-05       3.894400E+01       4.281345E+01
     -1.037440E-05       3.894400E+01       4.281345E+01
     -1.024460E-05       3.894400E+01       4.281345E+01
     -1.012450E-05       3.894400E+01       4.281345E+01
     -9.996500E-06       3.894400E+01       4.281345E+01
     -9.868500E-06       3.894400E+01       4.281345E+01
     -9.743100E-06       3.894400E+01       4.281345E+01
     -9.606400E-06       3.894400E+01       4.281345E+01
     -9.565600E-06       3.894400E+01       4.281345E+01
     -9.481800E-06       3.894400E+01       4.281345E+01
     -9.371600E-06       3.894400E+01       4.281345E+01
     -9.244600E-06       3.894400E+01       4.281345E+01
     -9.108700E-06       3.894400E+01       4.281345E+01
     -8.978600E-06       3.894400E+01       4.281345E+01
     -8.836300E-06       3.894400E+01       4.281345E+01
     -8.792600E-06       3.894400E+01       4.281345E+01
     -8.701800E-06       3.894400E+01       4.281345E+01
     -8.582800E-06       3.894400E+01       4.281345E+01
     -8.448800E-06       3.894300E+01       4.281345E+01
     -8.409600E-06       3.894300E+01       4.281345E+01
     -8.325100E-06       3.894300E+01       4.281345E+01
     -8.209000E-06       3.894300E+01       4.281345E+01
     -8.074500E-06       3.894300E+01       4.281345E+01
     -7.951400E-06       3.894300E+01       4.281345E+01
     -7.813000E-06       3.894300E+01       4.281345E+01
     -7.681000E-06       3.894300E+01       4.281345E+01
     -7.634700E-06       3.894300E+01       4.281345E+01
     -7.534500E-06       3.894300E+01       4.281345E+01
     -7.418700E-06       3.894300E+01       4.281345E+01
     -7.295300E-06       3.894300E+01       4.281345E+01
     -7.172300E-06       3.894300E+01       4.281345E+01
     -7.047800E-06       3.894300E+01       4.281345E+01
     -6.957000E-06       3.894300E+01       4.281345E+01
     -6.886500E-06       3.894300E+01       4.281345E+01
     -6.832800E-06       3.894300E+01       4.281345E+01
     -6.778700E-06       3.894300E+01       4.281345E+01
     -6.724400E-06       3.894300E+01       4.281345E+01
     -6.666900E-06       3.894300E+01       4.281345E+01
     -6.611500E-06       3.894300E+01       4.281345E+01
     -6.560200E-06       3.894300E+01       4.281345E+01
     -6.505500E-06       3.894300E+01       4.281345E+01
     -6.449100E-06       3.894300E+01       4.281345E+01
     -6.392800E-06       3.894200E+01       4.281345E+01
     -6.336100E-06       3.894200E+01       4.281345E+01
     -6.278300E-06       3.894200E+01       4.281345E+01
     -6.222500E-06       3.894200E+01       4.281345E+01
     -6.167800E-06       3.894200E+01       4.281345E+01
     -6.113700E-06       3.894200E+01       4.281345E+01
     -6.058700E-06       3.894200E+01       4.281345E+01
     -6.020800E-06       3.894200E+01       4.281345E+01
     -5.982900E-06       3.894200E+01       4.281345E+01
     -5.950000E-06       3.894200E+01       4.281345E+01
     -5.921700E-06       3.894200E+01       4.281345E+01
     -5.876900E-06       3.894200E+01       4.281345E+01
     -5.843700E-06       3.894200E+01       4.281345E+01
     -5.810600E-06       3.894200E+01       4.281345E+01
     -5.771100E-06       3.894200E+01       4.281345E+01
     -5.731600E-06       3.894200E+01       4.281345E+01
     -5.692500E-06       3.894200E+01       4.281345E+01
     -5.653700E-06       3.894200E+01       4.281345E+01
     -5.614900E-06       3.894200E+01       4.281345E+01
     -5.578300E-06       3.894200E+01       4.281345E+01
     -5.541600E-06       3.894200E+01       4.281345E+01
     -5.503400E-06       3.894200E+01       4.281345E+01
     -5.463600E-06       3.894200E+01       4.281345E+01
     -5.423700E-06       3.894200E+01       4.281345E+01
     -5.380700E-06       3.894200E+01       4.281345E+01
     -5.334500E-06       3.894200E+01       4.281345E+01
     -5.311400E-06       3.894200E+01       4.281345E+01
     -5.276800E-06       3.894200E+01       4.281345E+01
     -5.242100E-06       3.894200E+01       4.281345E+01
     -5.208600E-06       3.894200E+01       4.281345E+01
     -5.175100E-06       3.894200E+01       4.281345E+01
     -5.137500E-06       3.894200E+01       4.281345E+01
     -5.095700E-06       3.894200E+01       4.281345E+01
     -5.054000E-06       3.894200E+01       4.281345E+01
     -5.029400E-06       3.894200E+01       4.281345E+01
     -5.009700E-06       3.894200E+01       4.281345E+01
     -4.980300E-06       3.894200E+01       4.281345E+01
     -4.947300E-06       3.894200E+01       4.281345E+01
     -4.920700E-06       3.894200E+01       4.281345E+01
     -4.894000E-06       3.894200E+01       4.281345E+01
     -4.855500E-06       3.894200E+01       4.281345E+01
     -4.836200E-06       3.894200E+01       4.281345E+01
     -4.812200E-06       3.894200E+01       4.281345E+01
     -4.776900E-06       3.894200E+01       4.281345E+01
     -4.744800E-06       3.894200E+01       4.281345E+01
     -4.712800E-06       3.894200E+01       4.281345E+01
     -4.684200E-06       3.894200E+01       4.281345E+01
     -4.660400E-06       3.894200E+01       4.281345E+01
     -4.631900E-06       3.894200E+01       4.281345E+01
     -4.602500E-06       3.894200E+01       4.281345E+01
     -4.562800E-06       3.894200E+01       4.281345E+01
     -4.523100E-06       3.894200E+01       4.281345E+01
     -4.478800E-06       3.894200E+01       4.281345E+01
     -4.434500E-06       3.894200E+01       4.281345E+01
     -4.412300E-06       3.894200E+01       4.281345E+01
     -4.388000E-06       3.894200E+01       4.281345E+01
     -4.359900E-06       3.894200E+01       4.281345E+01
     -4.331900E-06       3.894200E+01       4.281345E+01
     -4.303900E-06       3.894200E+01       4.281345E+01
     -4.269900E-06       3.894200E+01       4.281345E+01
     -4.229900E-06       3.894200E+01       4.281345E+01
     -4.189900E-06       3.894200E+01       4.281345E+01
     -4.148900E-06       3.894100E+01       4.281345E+01
     -4.133500E-06       3.894100E+01       4.281345E+01
     -4.113000E-06       3.894100E+01       4.281345E+01
     -4.092500E-06       3.894100E+01       4.281345E+01
     -4.072000E-06       3.894100E+01       4.281345E+01
     -4.034800E-06       3.894100E+01       4.281345E+01
     -3.997600E-06       3.894100E+01       4.281345E+01
     -3.957300E-06       3.894100E+01       4.281345E+01
     -3.913800E-06       3.894100E+01       4.281345E+01
     -3.870300E-06       3.894100E+01       4.281345E+01
     -3.835400E-06       3.894100E+01       4.281345E+01
     -3.820100E-06       3.894100E+01       4.281345E+01
     -3.801000E-06       3.894100E+01       4.281345E+01
     -3.767100E-06       3.894100E+01       4.281345E+01
     -3.748400E-06       3.894200E+01       4.281345E+01
     -3.729800E-06       3.894200E+01       4.281345E+01
     -3.711100E-06       3.894200E+01       4.281345E+01
     -3.692500E-06       3.894200E+01       4.281345E+01
     -3.670500E-06       3.894200E+01       4.281345E+01
     -3.648500E-06       3.894200E+01       4.281345E+01
     -3.626600E-06       3.894200E+01       4.281345E+01
     -3.604600E-06       3.894200E+01       4.281345E+01
     -3.582700E-06       3.894200E+01       4.281345E+01
     -3.566200E-06       3.894200E+01       4.281345E+01
     -3.549700E-06       3.894200E+01       4.281345E+01
     -3.540900E-06       3.894200E+01       4.281345E+01
     -3.529200E-06       3.894200E+01       4.281345E+01
     -3.498800E-06       3.894200E+01       4.281345E+01
     -3.471300E-06       3.894200E+01       4.281345E+01
     -3.431200E-06       3.894200E+01       4.281345E+01
     -3.396400E-06       3.894300E+01       4.281345E+01
     -3.367100E-06       3.894300E+01       4.281345E+01
     -3.337300E-06       3.894300E+01       4.281345E+01
     -3.307200E-06       3.894400E+01       4.281345E+01
     -3.288300E-06       3.894400E+01       4.281345E+01
     -3.273300E-06       3.894400E+01       4.281345E+01
     -3.254300E-06       3.894400E+01       4.281345E+01
     -3.224400E-06       3.894500E+01       4.281345E+01
     -3.207100E-06       3.894600E+01       4.281345E+01
     -3.189700E-06       3.894600E+01       4.281345E+01
     -3.172400E-06       3.894700E+01       4.281345E+01
     -3.155100E-06       3.894700E+01       4.281345E+01
     -3.135400E-06       3.894800E+01       4.281345E+01
     -3.115800E-06       3.894900E+01       4.281345E+01
     -3.094800E-06       3.895000E+01       4.281345E+01
     -3.083200E-06       3.895000E+01       4.281345E+01
     -3.072400E-06       3.895100E+01       4.281345E+01
     -3.056000E-06       3.895200E+01       4.281345E+01
     -3.038500E-06       3.895400E+01       4.281345E+01
     -3.029800E-06       3.895500E+01       4.281345E+01
     -3.017700E-06       3.895600E+01       4.281345E+01
     -3.005700E-06       3.895700E+01       4.281345E+01
     -2.993600E-06       3.895800E+01       4.281345E+01
     -2.981500E-06       3.896000E+01       4.281345E+01
     -2.968600E-06       3.896100E+01       4.281345E+01
     -2.955600E-06       3.896300E+01       4.281345E+01
     -2.942700E-06       3.896500E+01       4.281345E+01
     -2.936200E-06       3.896600E+01       4.281345E+01
     -2.929700E-06       3.896700E+01       4.281345E+01
     -2.920000E-06       3.896900E+01       4.281345E+01
     -2.913500E-06       3.897000E+01       4.281345E+01
     -2.907100E-06       3.897200E+01       4.281345E+01
     -2.900600E-06       3.897300E+01       4.281345E+01
     -2.888100E-06       3.897600E+01       4.281345E+01
     -2.875700E-06       3.897900E+01       4.281345E+01
     -2.863200E-06       3.898200E+01       4.281345E+01
     -2.850800E-06       3.898600E+01       4.281345E+01
     -2.838800E-06       3.899000E+01       4.281345E+01
     -2.829000E-06       3.899300E+01       4.281345E+01
     -2.819100E-06       3.899700E+01       4.281345E+01
     -2.810900E-06       3.900000E+01       4.281345E+01
     -2.802600E-06       3.900400E+01       4.281345E+01
     -2.794400E-06       3.900800E+01       4.281345E+01
     -2.786200E-06       3.901200E+01       4.281345E+01
     -2.779000E-06       3.901500E+01       4.281345E+01
     -2.771800E-06       3.902000E+01       4.281345E+01
     -2.764600E-06       3.902400E+01       4.281345E+01
     -2.757400E-06       3.902800E+01       4.281345E+01
     -2.745700E-06       3.903600E+01       4.281345E+01
     -2.734100E-06       3.904400E+01       4.281345E+01
     -2.722400E-06       3.905400E+01       4.281345E+01
     -2.710800E-06       3.906400E+01       4.281345E+01
     -2.701000E-06       3.907300E+01       4.281345E+01
     -2.693000E-06       3.908100E+01       4.281345E+01
     -2.685000E-06       3.909000E+01       4.281345E+01
     -2.681000E-06       3.909500E+01       4.281345E+01
     -2.677000E-06       3.910000E+01       4.281345E+01
     -2.673000E-06       3.910500E+01       4.281345E+01
     -2.669000E-06       3.911000E+01       4.281345E+01
     -2.665000E-06       3.911500E+01       4.281345E+01
     -2.661000E-06       3.912000E+01       4.281345E+01
     -2.650200E-06       3.913600E+01       4.281345E+01
     -2.639300E-06       3.915300E+01       4.281345E+01
     -2.628500E-06       3.917100E+01       4.281345E+01
     -2.617600E-06       3.919100E+01       4.281345E+01
     -2.606800E-06       3.921200E+01       4.281345E+01
     -2.595900E-06       3.923300E+01       4.281345E+01
     -2.585100E-06       3.925700E+01       4.281345E+01
     -2.579700E-06       3.926900E+01       4.281345E+01
     -2.574300E-06       3.928100E+01       4.281345E+01
     -2.566700E-06       3.929900E+01       4.281345E+01
     -2.561800E-06       3.931100E+01       4.281345E+01
     -2.557000E-06       3.932300E+01       4.281345E+01
     -2.552100E-06       3.933500E+01       4.281345E+01
     -2.541600E-06       3.936400E+01       4.281345E+01
     -2.531100E-06       3.939300E+01       4.281345E+01
     -2.520600E-06       3.942400E+01       4.281345E+01
     -2.510000E-06       3.945500E+01       4.281345E+01
     -2.499400E-06       3.948500E+01       4.281345E+01
     -2.488800E-06       3.951400E+01       4.281345E+01
     -2.478200E-06       3.954200E+01       4.281345E+01
     -2.472900E-06       3.955600E+01       4.281345E+01
     -2.467600E-06       3.957100E+01       4.281345E+01
     -2.459700E-06       3.959300E+01       4.281345E+01
     -2.454400E-06       3.960800E+01       4.281345E+01
     -2.449100E-06       3.962200E+01       4.281345E+01
     -2.443800E-06       3.963700E+01       4.281345E+01
     -2.432900E-06       3.966800E+01       4.281345E+01
     -2.422100E-06       3.969900E+01       4.281345E+01
     -2.411200E-06       3.973100E+01       4.281345E+01
     -2.400400E-06       3.976200E+01       4.281345E+01
     -2.389500E-06       3.979400E+01       4.281345E+01
     -2.384700E-06       3.980900E+01       4.281345E+01
     -2.379900E-06       3.982400E+01       4.281345E+01
     -2.373300E-06       3.984400E+01       4.281345E+01
     -2.369200E-06       3.985800E+01       4.281345E+01
     -2.365000E-06       3.987100E+01       4.281345E+01
     -2.360900E-06       3.988400E+01       4.281345E+01
     -2.351600E-06       3.991300E+01       4.281345E+01
     -2.342300E-06       3.994300E+01       4.281345E+01
     -2.333000E-06       3.997300E+01       4.281345E+01
     -2.323700E-06       4.000200E+01       4.281345E+01
     -2.314500E-06       4.003100E+01       4.281345E+01
     -2.305300E-06       4.006000E+01       4.281345E+01
     -2.298100E-06       4.008400E+01       4.281345E+01
     -2.290900E-06       4.010900E+01       4.281345E+01
     -2.287200E-06       4.012200E+01       4.281345E+01
     -2.283600E-06       4.013400E+01       4.281345E+01
     -2.280000E-06       4.014700E+01       4.281345E+01
     -2.276400E-06       4.015900E+01       4.281345E+01
     -2.272800E-06       4.017100E+01       4.281345E+01
     -2.269200E-06       4.018200E+01       4.281345E+01
     -2.260700E-06       4.020800E+01       4.281345E+01
     -2.252200E-06       4.023200E+01       4.281345E+01
     -2.243800E-06       4.025500E+01       4.281345E+01
     -2.235300E-06       4.027800E+01       4.281345E+01
     -2.225700E-06       4.030400E+01       4.281345E+01
     -2.216000E-06       4.033100E+01       4.281345E+01
     -2.206400E-06       4.036000E+01       4.281345E+01
     -2.201600E-06       4.037500E+01       4.281345E+01
     -2.196800E-06       4.039100E+01       4.281345E+01
     -2.190000E-06       4.041300E+01       4.281345E+01
     -2.185700E-06       4.042600E+01       4.281345E+01
     -2.181300E-06       4.043900E+01       4.281345E+01
     -2.176900E-06       4.045200E+01       4.281345E+01
     -2.172600E-06       4.046500E+01       4.281345E+01
     -2.168900E-06       4.047500E+01       4.281345E+01
     -2.165200E-06       4.048600E+01       4.281345E+01
     -2.157800E-06       4.050600E+01       4.281345E+01
     -2.150500E-06       4.052600E+01       4.281345E+01
     -2.139700E-06       4.055600E+01       4.281345E+01
     -2.128900E-06       4.058500E+01       4.281345E+01
     -2.120500E-06       4.060900E+01       4.281345E+01
     -2.112100E-06       4.063300E+01       4.281345E+01
     -2.103700E-06       4.065800E+01       4.281345E+01
     -2.095300E-06       4.068400E+01       4.281345E+01
     -2.088800E-06       4.070500E+01       4.281345E+01
     -2.080100E-06       4.073200E+01       4.281345E+01
     -2.071400E-06       4.076000E+01       4.281345E+01
     -2.055300E-06       4.081100E+01       4.281345E+01
     -2.043500E-06       4.084700E+01       4.281345E+01
     -2.031800E-06       4.088300E+01       4.281345E+01
     -2.020100E-06       4.091900E+01       4.281345E+01
     -2.002000E-06       4.097300E+01       4.281345E+01
     -1.983900E-06       4.102200E+01       4.281345E+01
     -1.965800E-06       4.106800E+01       4.281345E+01
     -1.947700E-06       4.111200E+01       4.281345E+01
     -1.929500E-06       4.115400E+01       4.281345E+01
     -1.908300E-06       4.120200E+01       4.281345E+01
     -1.887000E-06       4.124900E+01       4.281345E+01
     -1.865700E-06       4.129600E+01       4.281345E+01
     -1.844400E-06       4.134000E+01       4.281345E+01
     -1.820900E-06       4.138600E+01       4.281345E+01
     -1.797400E-06       4.143200E+01       4.281345E+01
     -1.773900E-06       4.147800E+01       4.281345E+01
     -1.750400E-06       4.152300E+01       4.281345E+01
     -1.723100E-06       4.157600E+01       4.281345E+01
     -1.695900E-06       4.163000E+01       4.281345E+01
     -1.668600E-06       4.168300E+01       4.281345E+01
     -1.641300E-06       4.173700E+01       4.281345E+01
     -1.614000E-06       4.179100E+01       4.281345E+01
     -1.581300E-06       4.185600E+01       4.281345E+01
     -1.548600E-06       4.192100E+01       4.281345E+01
     -1.515900E-06       4.198500E+01       4.281345E+01
     -1.483200E-06       4.205000E+01       4.281345E+01
     -1.450500E-06       4.211500E+01       4.281345E+01
     -1.417800E-06       4.217900E+01       4.281345E+01
     -1.379000E-06       4.225500E+01       4.281345E+01
     -1.340300E-06       4.233100E+01       4.281345E+01
     -1.301600E-06       4.240600E+01       4.281345E+01
     -1.262900E-06       4.248200E+01       4.281345E+01
     -1.224200E-06       4.255600E+01       4.281345E+01
     -1.185500E-06       4.263100E+01       4.281345E+01
     -1.147300E-06       4.270400E+01       4.281345E+01
     -1.109100E-06       4.277700E+01       4.281345E+01
     -1.071000E-06       4.285000E+01       4.281345E+01
     -1.032800E-06       4.292200E+01       4.281345E+01
     -9.946000E-07       4.299300E+01       4.281345E+01
     -9.564000E-07       4.306400E+01       4.281345E+01
     -9.191000E-07       4.313300E+01       4.281345E+01
     -8.818000E-07       4.320200E+01       4.281345E+01
     -8.444000E-07       4.327000E+01       4.281345E+01
     -8.071000E-07       4.333800E+01       4.281345E+01
     -7.698000E-07       4.340600E+01       4.281345E+01
     -7.325000E-07       4.347400E+01       4.281345E+01
     -6.960000E-07       4.354000E+01       4.281345E+01
     -6.595000E-07       4.360700E+01       4.281345E+01
     -6.571000E-07       4.361100E+01       4.281345E+01
     -6.425000E-07       4.363900E+01       4.281345E+01
     -6.314000E-07       4.366000E+01       4.281345E+01
     -6.203000E-07       4.368100E+01       4.281345E+01
     -6.029000E-07       4.371300E+01       4.281345E+01
     -5.856000E-07       4.374600E+01       4.281345E+01
     -5.682000E-07       4.377800E+01       4.281345E+01
     -5.509000E-07       4.381100E+01       4.281345E+01
     -5.281000E-07       4.385400E+01       4.281345E+01
     -5.053000E-07       4.389800E+01       4.281345E+01
     -4.826000E-07       4.394200E+01       4.281345E+01
     -4.600000E-07       4.398700E+01       4.281345E+01
     -4.374000E-07       4.403100E+01       4.281345E+01
     -4.084000E-07       4.408900E+01       4.281345E+01
     -3.797000E-07       4.414600E+01       4.281345E+01
     -3.513000E-07       4.420300E+01       4.281345E+01
     -3.231000E-07       4.425900E+01       4.281345E+01
     -2.954000E-07       4.431200E+01       4.281345E+01
     -2.577000E-07       4.438100E+01       4.281345E+01
     -2.208000E-07       4.444400E+01       4.281345E+01
     -1.847000E-07       4.449900E+01       4.281345E+01
     -1.494000E-07       4.454600E+01       4.281345E+01
     -1.149000E-07       4.458300E+01       4.281345E+01
     -4.000000E-08       4.463300E+01       4.281345E+01
      0.000000E+00       4.464300E+01       4.281345E+01
      5.280000E-08       4.463900E+01       4.281345E+01
      1.259000E-07       4.460900E+01       4.281345E+01
      1.816000E-07       4.457300E+01       4.281345E+01
      2.238000E-07       4.454100E+01       4.281345E+01
      2.740000E-07       4.449800E+01       4.281345E+01
      3.032000E-07       4.447100E+01       4.281345E+01
      3.322000E-07       4.444400E+01       4.281345E+01
      3.610000E-07       4.441700E+01       4.281345E+01
      3.897000E-07       4.439100E+01       4.281345E+01
      4.429000E-07       4.434500E+01       4.281345E+01
      4.957000E-07       4.430400E+01       4.281345E+01
      5.531000E-07       4.426600E+01       4.281345E+01
      6.150000E-07       4.423100E+01       4.281345E+01
      6.765000E-07       4.420100E+01       4.281345E+01
      7.569000E-07       4.416900E+01       4.281345E+01
      8.367000E-07       4.414300E+01       4.281345E+01
      9.274000E-07       4.411800E+01       4.281345E+01
      1.028800E-06       4.409000E+01       4.281345E+01
      1.129600E-06       4.406400E+01       4.281345E+01
      1.254600E-06       4.403300E+01       4.281345E+01
      1.394300E-06       4.400100E+01       4.281345E+01
      1.523300E-06       4.397300E+01       4.281345E+01
      1.626700E-06       4.395300E+01       4.281345E+01
      1.752400E-06       4.392800E+01       4.281345E+01
      1.863400E-06       4.390800E+01       4.281345E+01
      2.010800E-06       4.388100E+01       4.281345E+01
      2.138400E-06       4.385800E+01       4.281345E+01
      2.319300E-06       4.382700E+01       4.281345E+01
      2.499300E-06       4.379700E+01       4.281345E+01
      2.617200E-06       4.377900E+01       4.281345E+01
      2.734700E-06       4.376100E+01       4.281345E+01
      2.852000E-06       4.374500E+01       4.281345E+01
      3.085500E-06       4.371400E+01       4.281345E+01
      3.361800E-06       4.368200E+01       4.281345E+01
      3.568000E-06       4.366100E+01       4.281345E+01
      3.876000E-06       4.363200E+01       4.281345E+01
      4.229100E-06       4.360200E+01       4.281345E+01
      4.512800E-06       4.358000E+01       4.281345E+01
      4.673700E-06       4.356900E+01       4.281345E+01
      5.115900E-06       4.354100E+01       4.281345E+01
      5.366600E-06       4.352500E+01       4.281345E+01
      5.675500E-06       4.350600E+01       4.281345E+01
      5.858900E-06       4.349500E+01       4.281345E+01
      6.042100E-06       4.348500E+01       4.281345E+01
      6.225000E-06       4.347500E+01       4.281345E+01
      6.657300E-06       4.345200E+01       4.281345E+01
      7.088100E-06       4.343000E+01       4.281345E+01
      7.303000E-06       4.342000E+01       4.281345E+01
      7.592800E-06       4.340600E+01       4.281345E+01
      7.882100E-06       4.339300E+01       4.281345E+01
      8.459200E-06       4.336900E+01       4.281345E+01
      8.747000E-06       4.335700E+01       4.281345E+01
      9.079000E-06       4.334400E+01       4.281345E+01
      9.410400E-06       4.333200E+01       4.281345E+01
      9.741300E-06       4.332000E+01       4.281345E+01
      1.007170E-05       4.330800E+01       4.281345E+01
      1.040170E-05       4.329600E+01       4.281345E+01
      1.078650E-05       4.328300E+01       4.281345E+01
      1.117080E-05       4.327000E+01       4.281345E+01
      1.145870E-05       4.326000E+01       4.281345E+01
      1.165070E-05       4.325400E+01       4.281345E+01
      1.250320E-05       4.323100E+01       4.281345E+01
      1.311440E-05       4.321300E+01       4.281345E+01
      1.372440E-05       4.319700E+01       4.281345E+01
      1.450430E-05       4.317600E+01       4.281345E+01
      1.529610E-05       4.315600E+01       4.281345E+01
      1.609970E-05       4.313700E+01       4.281345E+01
      1.695670E-05       4.311800E+01       4.281345E+01
      1.798040E-05       4.309600E+01       4.281345E+01
      1.882110E-05       4.307900E+01       4.281345E+01
      1.979250E-05       4.306100E+01       4.281345E+01
      2.151840E-05       4.303100E+01       4.281345E+01
      2.261950E-05       4.301400E+01       4.281345E+01
      2.416530E-05       4.299100E+01       4.281345E+01
      2.572390E-05       4.296900E+01       4.281345E+01
      2.728370E-05       4.294900E+01       4.281345E+01
      2.828910E-05       4.293800E+01       4.281345E+01
      3.161490E-05       4.290000E+01       4.281345E+01
      3.328390E-05       4.288300E+01       4.281345E+01
      3.686930E-05       4.284900E+01       4.281345E+01
      3.840350E-05       4.283600E+01       4.281345E+01
      3.840450E-05       4.283600E+01       4.281345E+01
      4.518310E-05       4.278700E+01       4.281345E+01
      4.792730E-05       4.277000E+01       4.281345E+01
      5.127010E-05       4.274900E+01       4.281345E+01
      5.838030E-05       4.271400E+01       4.281345E+01
      6.506810E-05       4.268400E+01       4.281345E+01
      6.924760E-05       4.266700E+01       4.281345E+01
      7.620340E-05       4.264000E+01       4.281345E+01
      7.899690E-05       4.263000E+01       4.281345E+01
      7.900180E-05       4.263000E+01       4.281345E+01
      8.738680E-05       4.260200E+01       4.281345E+01
      1.017392E-04       4.256300E+01       4.281345E+01
      1.237459E-04       4.249600E+01       4.281345E+01
      1.675082E-04       4.240400E+01       4.281345E+01
      2.141983E-04       4.233700E+01       4.281345E+01
      2.147616E-04       4.233800E+01       4.281345E+01
      2.153248E-04       4.233800E+01       4.281345E+01
      2.164513E-04       4.233700E+01       4.281345E+01
      2.170113E-04       4.233500E+01       4.281345E+01
      2.175712E-04       4.233400E+01       4.281345E+01
      2.184110E-04       4.233300E+01       4.281345E+01
      2.189709E-04       4.233200E+01       4.281345E+01
      2.204839E-04       4.233000E+01       4.281345E+01
      2.219969E-04       4.232800E+01       4.281345E+01
      2.266509E-04       4.232100E+01       4.281345E+01
      2.395147E-04       4.230200E+01       4.281345E+01
      2.520992E-04       4.228400E+01       4.281345E+01
      2.642433E-04       4.226900E+01       4.281345E+01
      2.738304E-04       4.226000E+01       4.281345E+01
      3.065464E-04       4.222200E+01       4.281345E+01
      3.065573E-04       4.222200E+01       4.281345E+01
      3.274913E-04       4.220800E+01       4.281345E+01
      3.356735E-04       4.220100E+01       4.281345E+01
      3.626184E-04       4.217600E+01       4.281345E+01
      3.712595E-04       4.216600E+01       4.281345E+01
      3.773264E-04       4.215900E+01       4.281345E+01
      4.068130E-04       4.213600E+01       4.281345E+01
      4.069733E-04       4.213600E+01       4.281345E+01
      4.209091E-04       4.212400E+01       4.281345E+01
      4.360336E-04       4.211300E+01       4.281345E+01
      4.422528E-04       4.210900E+01       4.281345E+01
      4.980242E-04       4.206900E+01       4.281345E+01
      5.234588E-04       4.205500E+01       4.281345E+01
      5.577148E-04       4.203600E+01       4.281345E+01
      5.819789E-04       4.202200E+01       4.281338E+01
      5.966193E-04       4.201300E+01       4.281338E+01
      6.059146E-04       4.200700E+01       4.281338E+01
      6.186004E-04       4.199900E+01       4.281338E+01
      6.249432E-04       4.199500E+01       4.281338E+01
      6.249639E-04       4.199500E+01       4.281338E+01
      6.491159E-04       4.198600E+01       4.281338E+01
      6.644476E-04       4.197800E+01       4.281338E+01
      6.811198E-04       4.196900E+01       4.281338E+01
      6.977917E-04       4.196000E+01       4.281338E+01
      6.977981E-04       4.196000E+01       4.281338E+01
      7.200441E-04       4.195300E+01       4.281338E+01
      7.336349E-04       4.194800E+01       4.281338E+01
      7.457739E-04       4.194200E+01       4.281338E+01
      7.525929E-04       4.193900E+01       4.281338E+01
      7.594118E-04       4.193600E+01       4.281338E+01
      7.709381E-04       4.193000E+01       4.281338E+01
      8.177996E-04       4.191100E+01       4.281338E+01
      8.339459E-04       4.190600E+01       4.281338E+01
      8.348280E-04       4.190700E+01       4.281338E+01
      8.718028E-04       4.189600E+01       4.281338E+01
      8.968770E-04       4.188600E+01       4.281338E+01
      9.258265E-04       4.187600E+01       4.281338E+01
      9.258432E-04       4.187600E+01       4.281338E+01
      9.918555E-04       4.185400E+01       4.281338E+01
      1.030651E-03       4.184200E+01       4.281338E+01
      1.058184E-03       4.183400E+01       4.281338E+01
      1.058317E-03       4.183400E+01       4.281338E+01
      1.134236E-03       4.181200E+01       4.281338E+01
      1.248817E-03       4.178700E+01       4.281338E+01
      1.267737E-03       4.178300E+01       4.281338E+01
      1.331494E-03       4.177100E+01       4.281338E+01
      1.388878E-03       4.176200E+01       4.281338E+01
      1.410815E-03       4.175900E+01       4.281338E+01
      1.467718E-03       4.175200E+01       4.281331E+01
      1.525228E-03       4.174900E+01       4.281331E+01
      1.548738E-03       4.174700E+01       4.281331E+01
      1.623073E-03       4.173800E+01       4.281331E+01
      1.743640E-03       4.172400E+01       4.281331E+01
      1.861249E-03       4.170800E+01       4.281331E+01
      1.914503E-03       4.169900E+01       4.281331E+01
      1.914617E-03       4.169900E+01       4.281331E+01
      2.074462E-03       4.167600E+01       4.281331E+01
      2.309335E-03       4.164900E+01       4.281325E+01
      2.448572E-03       4.164200E+01       4.281325E+01
      2.542422E-03       4.163400E+01       4.281325E+01
      2.961297E-03       4.160100E+01       4.281325E+01
      2.961457E-03       4.160100E+01       4.281325E+01
      3.123358E-03       4.158500E+01       4.281325E+01
      3.432148E-03       4.155700E+01       4.281318E+01
      3.432778E-03       4.155700E+01       4.281318E+01
      3.717778E-03       4.153400E+01       4.281318E+01
      3.781173E-03       4.152900E+01       4.281318E+01
      4.084114E-03       4.150800E+01       4.281311E+01
      4.148904E-03       4.150400E+01       4.281311E+01
      4.150605E-03       4.150400E+01       4.281311E+01
      4.439214E-03       4.148800E+01       4.281311E+01
      4.878231E-03       4.146700E+01       4.281305E+01
      4.878396E-03       4.146700E+01       4.281305E+01
      4.884767E-03       4.146700E+01       4.281305E+01
      5.274103E-03       4.145500E+01       4.281305E+01
      5.431130E-03       4.145000E+01       4.281305E+01
      5.431437E-03       4.145000E+01       4.281305E+01
      5.680902E-03       4.144000E+01       4.281305E+01
      5.736940E-03       4.143800E+01       4.281298E+01
      6.162398E-03       4.142100E+01       4.281298E+01
      6.456360E-03       4.141000E+01       4.281298E+01
      6.569692E-03       4.140600E+01       4.281298E+01
      6.998132E-03       4.139100E+01       4.281291E+01
      7.341825E-03       4.138000E+01       4.281291E+01
      8.042044E-03       4.136000E+01       4.281285E+01
      8.042298E-03       4.136000E+01       4.281285E+01
      8.098814E-03       4.135900E+01       4.281285E+01
      8.809509E-03       4.134100E+01       4.281278E+01
      8.971785E-03       4.133700E+01       4.281278E+01
      9.319718E-03       4.133100E+01       4.281271E+01
      1.048448E-02       4.131400E+01       4.281265E+01
      1.073894E-02       4.131100E+01       4.281265E+01
      1.172132E-02       4.130000E+01       4.281258E+01
      1.222712E-02       4.129300E+01       4.281251E+01
      1.277096E-02       4.128200E+01       4.281245E+01
      1.325169E-02       4.127300E+01       4.281245E+01
      1.375209E-02       4.126300E+01       4.281238E+01
      1.427215E-02       4.125600E+01       4.281238E+01
      1.427289E-02       4.125600E+01       4.281238E+01
      1.546734E-02       4.124000E+01       4.281224E+01
      1.600993E-02       4.123100E+01       4.281224E+01
      1.673124E-02       4.121800E+01       4.281218E+01
      1.702595E-02       4.121300E+01       4.281211E+01
      1.702708E-02       4.121300E+01       4.281211E+01
      1.821105E-02       4.119700E+01       4.281204E+01
      1.877955E-02       4.119100E+01       4.281198E+01
      1.947665E-02       4.118300E+01       4.281198E+01
      2.017375E-02       4.117600E+01       4.281191E+01
      2.052926E-02       4.117200E+01       4.281184E+01
      2.153103E-02       4.116000E+01       4.281178E+01
      2.233911E-02       4.114900E+01       4.281171E+01
      2.310351E-02       4.114000E+01       4.281164E+01
      2.373392E-02       4.113300E+01       4.281164E+01
      2.442852E-02       4.112700E+01       4.281158E+01
      2.518732E-02       4.112100E+01       4.281151E+01
      2.601839E-02       4.111500E+01       4.281144E+01
      2.602145E-02       4.111500E+01       4.281144E+01
      2.717409E-02       4.110900E+01       4.281137E+01
      2.740050E-02       4.110800E+01       4.281131E+01
      2.822827E-02       4.110300E+01       4.281124E+01
      2.883631E-02       4.109900E+01       4.281124E+01
      2.914033E-02       4.109700E+01       4.281117E+01
      2.944434E-02       4.109500E+01       4.281117E+01
      2.988139E-02       4.109300E+01       4.281111E+01
      3.075550E-02       4.108800E+01       4.281104E+01
      3.097402E-02       4.108700E+01       4.281104E+01
      3.184812E-02       4.108400E+01       4.281097E+01
      3.258298E-02       4.108100E+01       4.281090E+01
      3.344739E-02       4.107900E+01       4.281084E+01
      3.344893E-02       4.107900E+01       4.281084E+01
      3.533475E-02       4.107200E+01       4.281070E+01
      3.677693E-02       4.106500E+01       4.281057E+01
      3.768770E-02       4.105900E+01       4.281050E+01
      3.769144E-02       4.105900E+01       4.281050E+01
      3.833083E-02       4.105500E+01       4.281050E+01
      4.108599E-02       4.104100E+01       4.281023E+01
      4.212693E-02       4.103600E+01       4.281017E+01
      4.247860E-02       4.103400E+01       4.281017E+01
      4.626503E-02       4.102700E+01       4.280983E+01
      4.878801E-02       4.102500E+01       4.280969E+01
      5.120550E-02       4.102500E+01       4.280949E+01
      5.207476E-02       4.102400E+01       4.280943E+01
      5.236019E-02       4.102400E+01       4.280936E+01
      5.806120E-02       4.101800E+01       4.280895E+01
      6.129681E-02       4.101400E+01       4.280868E+01
      6.378768E-02       4.101000E+01       4.280848E+01
      6.379307E-02       4.101000E+01       4.280848E+01
      7.539414E-02       4.099500E+01       4.280760E+01
      8.002868E-02       4.098300E+01       4.280726E+01
      8.033102E-02       4.098200E+01       4.280720E+01
      9.053648E-02       4.096100E+01       4.280645E+01
      9.136606E-02       4.096000E+01       4.280638E+01
      9.198557E-02       4.095900E+01       4.280632E+01
      9.249158E-02       4.095800E+01       4.280625E+01
      9.294667E-02       4.095700E+01       4.280625E+01
      9.360988E-02       4.095600E+01       4.280618E+01
      9.393602E-02       4.095500E+01       4.280618E+01
      9.405559E-02       4.095500E+01       4.280618E+01
      9.445278E-02       4.095200E+01       4.280611E+01
      9.527233E-02       4.095000E+01       4.280604E+01
      9.531085E-02       4.095000E+01       4.280604E+01
      9.533054E-02       4.095000E+01       4.280604E+01
      9.561960E-02       4.095000E+01       4.280604E+01
      9.640801E-02       4.094800E+01       4.280598E+01
      9.718832E-02       4.094600E+01       4.280591E+01
      9.797893E-02       4.094500E+01       4.280584E+01
      9.798947E-02       4.094500E+01       4.280584E+01
      9.821721E-02       4.094400E+01       4.280584E+01
      9.899247E-02       4.094400E+01       4.280577E+01
      9.962089E-02       4.094400E+01       4.280570E+01
      9.987213E-02       4.094400E+01       4.280570E+01
      1.001637E-01       4.094500E+01       4.280570E+01
      1.010914E-01       4.095100E+01       4.280564E+01
      1.019456E-01       4.095900E+01       4.280557E+01
      1.032605E-01       4.097600E+01       4.280543E+01
      1.052560E-01       4.100600E+01       4.280530E+01
      1.128686E-01       4.106200E+01       4.280468E+01
      1.179299E-01       4.104800E+01       4.280428E+01
      1.230218E-01       4.102100E+01       4.280393E+01
      1.230333E-01       4.102100E+01       4.280393E+01
      1.300267E-01       4.098300E+01       4.280339E+01
      1.308663E-01       4.098500E+01       4.280332E+01
      1.357169E-01       4.095600E+01       4.280291E+01
      1.358997E-01       4.095500E+01       4.280291E+01
      1.362176E-01       4.095300E+01       4.280291E+01
      1.367210E-01       4.095100E+01       4.280284E+01
      1.381644E-01       4.094400E+01       4.280271E+01
      1.401415E-01       4.093400E+01       4.280257E+01
      1.436924E-01       4.091800E+01       4.280229E+01
      1.489472E-01       4.090000E+01       4.280188E+01
      1.526387E-01       4.089000E+01       4.280161E+01
      1.558084E-01       4.088200E+01       4.280134E+01
      1.696810E-01       4.086100E+01       4.280030E+01
      1.715292E-01       4.085800E+01       4.280017E+01
      1.733241E-01       4.085600E+01       4.280003E+01
      1.804489E-01       4.085100E+01       4.279948E+01
      1.859071E-01       4.084700E+01       4.279906E+01
      1.971069E-01       4.083900E+01       4.279817E+01
      1.971788E-01       4.083900E+01       4.279817E+01
      2.518298E-01       4.080400E+01       4.279393E+01
      2.583288E-01       4.079900E+01       4.279344E+01
      2.783536E-01       4.080400E+01       4.279190E+01
      2.813913E-01       4.080900E+01       4.279169E+01
      2.816189E-01       4.080800E+01       4.279162E+01
      2.827136E-01       4.080700E+01       4.279155E+01
      2.835349E-01       4.080800E+01       4.279148E+01
      2.855249E-01       4.081100E+01       4.279134E+01
      2.875094E-01       4.081300E+01       4.279120E+01
      2.960584E-01       4.082800E+01       4.279050E+01
      2.976554E-01       4.083200E+01       4.279043E+01
      3.026159E-01       4.085600E+01       4.279000E+01
      3.038867E-01       4.086400E+01       4.278993E+01
      3.090039E-01       4.089600E+01       4.278951E+01
      3.129997E-01       4.091800E+01       4.278923E+01
      3.329541E-01       4.095600E+01       4.278767E+01
      3.517123E-01       4.094100E+01       4.278625E+01
      3.548995E-01       4.093600E+01       4.278597E+01
      3.658856E-01       4.092900E+01       4.278519E+01
      3.899135E-01       4.088100E+01       4.278333E+01
      3.900496E-01       4.088000E+01       4.278333E+01
      3.912055E-01       4.088100E+01       4.278319E+01
      3.979033E-01       4.087000E+01       4.278269E+01
      4.095658E-01       4.085300E+01       4.278183E+01
      4.313305E-01       4.083300E+01       4.278010E+01
      4.584791E-01       4.081600E+01       4.277808E+01
      4.890043E-01       4.080600E+01       4.277568E+01
      4.907149E-01       4.080600E+01       4.277561E+01
      4.971350E-01       4.080400E+01       4.277510E+01
      5.015887E-01       4.080300E+01       4.277474E+01
      5.079812E-01       4.080200E+01       4.277422E+01
      5.233505E-01       4.079800E+01       4.277305E+01
      5.259647E-01       4.079700E+01       4.277291E+01
      5.543609E-01       4.078500E+01       4.277070E+01
      5.569788E-01       4.078300E+01       4.277048E+01
      5.650340E-01       4.078000E+01       4.276989E+01
      5.906208E-01       4.076600E+01       4.276797E+01
      5.915087E-01       4.076600E+01       4.276790E+01
      5.962379E-01       4.076300E+01       4.276753E+01
      6.115203E-01       4.075500E+01       4.276634E+01
      6.291681E-01       4.074600E+01       4.276500E+01
      6.292074E-01       4.074600E+01       4.276500E+01
      6.308613E-01       4.074400E+01       4.276485E+01
      6.688786E-01       4.072400E+01       4.276200E+01
      6.689156E-01       4.072400E+01       4.276200E+01
      6.709875E-01       4.072200E+01       4.276185E+01
      7.127341E-01       4.070000E+01       4.275868E+01
      7.133842E-01       4.070000E+01       4.275861E+01
      7.630573E-01       4.067500E+01       4.275481E+01
      7.672938E-01       4.067300E+01       4.275450E+01
      7.698194E-01       4.067200E+01       4.275435E+01
      7.709720E-01       4.067100E+01       4.275427E+01
      7.741764E-01       4.067000E+01       4.275397E+01
      7.762956E-01       4.066900E+01       4.275381E+01
      7.782207E-01       4.066800E+01       4.275366E+01
      7.838110E-01       4.066500E+01       4.275328E+01
      7.912330E-01       4.066200E+01       4.275274E+01
      7.942654E-01       4.066100E+01       4.275251E+01
      8.003246E-01       4.065900E+01       4.275205E+01
      8.093311E-01       4.065600E+01       4.275136E+01
      8.413400E-01       4.064900E+01       4.274889E+01
      8.632260E-01       4.064800E+01       4.274726E+01
      9.426010E-01       4.065200E+01       4.274131E+01
      9.698090E-01       4.065900E+01       4.273926E+01
      9.819388E-01       4.066200E+01       4.273830E+01
      9.880593E-01       4.066300E+01       4.273783E+01
      9.913853E-01       4.066500E+01       4.273759E+01
      9.974992E-01       4.066600E+01       4.273711E+01
      1.033270E+00       4.067800E+01       4.273448E+01
      1.033274E+00       4.067800E+01       4.273448E+01
      1.034502E+00       4.067800E+01       4.273440E+01
      1.048188E+00       4.068300E+01       4.273336E+01
      1.065200E+00       4.069000E+01       4.273207E+01
      1.114046E+00       4.071700E+01       4.272843E+01
      1.116017E+00       4.071800E+01       4.272827E+01
      1.205248E+00       4.075100E+01       4.272156E+01
      1.213449E+00       4.075100E+01       4.272099E+01
      1.291430E+00       4.074300E+01       4.271517E+01
      1.296512E+00       4.074200E+01       4.271483E+01
      1.301661E+00       4.074100E+01       4.271441E+01
      1.303354E+00       4.074100E+01       4.271433E+01
      1.306825E+00       4.074000E+01       4.271408E+01
      1.332794E+00       4.073300E+01       4.271214E+01
      1.338959E+00       4.073200E+01       4.271164E+01
      1.349951E+00       4.073000E+01       4.271088E+01
      1.362855E+00       4.072800E+01       4.270986E+01
      1.371532E+00       4.072700E+01       4.270927E+01
      1.391978E+00       4.072300E+01       4.270774E+01
      1.394467E+00       4.072300E+01       4.270757E+01
      1.420528E+00       4.071800E+01       4.270561E+01
      1.472693E+00       4.071000E+01       4.270174E+01
      1.480767E+00       4.070900E+01       4.270122E+01
      1.492014E+00       4.070900E+01       4.270036E+01
      1.498769E+00       4.070800E+01       4.269984E+01
      1.503492E+00       4.070800E+01       4.269949E+01
      1.512381E+00       4.070900E+01       4.269888E+01
      1.519943E+00       4.071000E+01       4.269827E+01
      1.527607E+00       4.071200E+01       4.269775E+01
      1.530484E+00       4.071300E+01       4.269749E+01
      1.532598E+00       4.071300E+01       4.269740E+01
      1.536559E+00       4.071500E+01       4.269705E+01
      1.536738E+00       4.071500E+01       4.269705E+01
      1.543197E+00       4.071900E+01       4.269662E+01
      1.544100E+00       4.072000E+01       4.269653E+01
      1.552445E+00       4.072700E+01       4.269592E+01
      1.553130E+00       4.072800E+01       4.269583E+01
      1.557689E+00       4.073300E+01       4.269557E+01
      1.559372E+00       4.073400E+01       4.269539E+01
      1.563703E+00       4.074000E+01       4.269504E+01
      1.565466E+00       4.074300E+01       4.269496E+01
      1.571539E+00       4.075200E+01       4.269452E+01
      1.571822E+00       4.075200E+01       4.269452E+01
      1.573702E+00       4.075600E+01       4.269434E+01
      1.577339E+00       4.076200E+01       4.269408E+01
      1.583176E+00       4.077500E+01       4.269364E+01
      1.591856E+00       4.079700E+01       4.269302E+01
      1.593405E+00       4.080100E+01       4.269294E+01
      1.594216E+00       4.080300E+01       4.269285E+01
      1.601965E+00       4.082600E+01       4.269232E+01
      1.607634E+00       4.084400E+01       4.269188E+01
      1.613497E+00       4.086400E+01       4.269144E+01
      1.620461E+00       4.088900E+01       4.269090E+01
      1.625083E+00       4.090700E+01       4.269055E+01
      1.631175E+00       4.093000E+01       4.269011E+01
      1.636069E+00       4.094800E+01       4.268975E+01
      1.641545E+00       4.097000E+01       4.268940E+01
      1.647100E+00       4.099100E+01       4.268895E+01
      1.652875E+00       4.101400E+01       4.268851E+01
      1.660433E+00       4.104400E+01       4.268797E+01
      1.666303E+00       4.106600E+01       4.268753E+01
      1.672287E+00       4.108700E+01       4.268717E+01
      1.677754E+00       4.110500E+01       4.268673E+01
      1.683414E+00       4.112200E+01       4.268628E+01
      1.689390E+00       4.114100E+01       4.268592E+01
      1.695643E+00       4.115800E+01       4.268538E+01
      1.705510E+00       4.118400E+01       4.268467E+01
      1.709028E+00       4.119200E+01       4.268449E+01
      1.716692E+00       4.120900E+01       4.268386E+01
      1.724447E+00       4.122500E+01       4.268332E+01
      1.732490E+00       4.124000E+01       4.268278E+01
      1.738777E+00       4.124900E+01       4.268224E+01
      1.743247E+00       4.125400E+01       4.268196E+01
      1.748516E+00       4.126000E+01       4.268160E+01
      1.754450E+00       4.126600E+01       4.268115E+01
      1.757172E+00       4.126800E+01       4.268097E+01
      1.758180E+00       4.126800E+01       4.268088E+01
      1.763829E+00       4.127200E+01       4.268043E+01
      1.765835E+00       4.127300E+01       4.268034E+01
      1.771854E+00       4.127600E+01       4.267988E+01
      1.777205E+00       4.127800E+01       4.267952E+01
      1.783724E+00       4.127900E+01       4.267897E+01
      1.786168E+00       4.127900E+01       4.267879E+01
      1.793675E+00       4.128100E+01       4.267825E+01
      1.797781E+00       4.128000E+01       4.267797E+01
      1.802960E+00       4.127900E+01       4.267761E+01
      1.809185E+00       4.127700E+01       4.267715E+01
      1.814851E+00       4.127500E+01       4.267679E+01
      1.819970E+00       4.127200E+01       4.267633E+01
      1.827050E+00       4.126800E+01       4.267587E+01
      1.835058E+00       4.126300E+01       4.267523E+01
      1.840924E+00       4.126000E+01       4.267486E+01
      1.848112E+00       4.125600E+01       4.267431E+01
      1.856918E+00       4.125100E+01       4.267367E+01
      1.862989E+00       4.124900E+01       4.267321E+01
      1.871620E+00       4.124900E+01       4.267265E+01
      1.882408E+00       4.125300E+01       4.267182E+01
      1.891163E+00       4.126300E+01       4.267117E+01
      1.899795E+00       4.127900E+01       4.267062E+01
      1.907141E+00       4.129900E+01       4.267006E+01
      1.910082E+00       4.130900E+01       4.266987E+01
      1.914778E+00       4.132600E+01       4.266950E+01
      1.922444E+00       4.136100E+01       4.266894E+01
      1.931386E+00       4.140700E+01       4.266829E+01
      1.939126E+00       4.145200E+01       4.266773E+01
      1.948198E+00       4.151000E+01       4.266708E+01
      1.955327E+00       4.155700E+01       4.266652E+01
      1.961483E+00       4.159800E+01       4.266614E+01
      1.975419E+00       4.168500E+01       4.266511E+01
      1.984502E+00       4.174900E+01       4.266445E+01
      1.993367E+00       4.181200E+01       4.266380E+01
      2.003581E+00       4.188300E+01       4.266304E+01
      2.019540E+00       4.198800E+01       4.266191E+01
      2.029211E+00       4.204700E+01       4.266124E+01
      2.046618E+00       4.214300E+01       4.266001E+01
      2.064763E+00       4.222700E+01       4.265868E+01
      2.080546E+00       4.228000E+01       4.265753E+01
      2.098561E+00       4.233600E+01       4.265629E+01
      2.110189E+00       4.236900E+01       4.265543E+01
      2.110189E+00       4.236900E+01       4.265543E+01
      2.110189E+00       4.236900E+01       4.265543E+01
      2.110190E+00       4.236900E+01       4.265543E+01
      2.110195E+00       4.236900E+01       4.265543E+01
      2.110249E+00       4.236900E+01       4.265543E+01
      2.110791E+00       4.237000E+01       4.265533E+01
      2.116209E+00       4.238400E+01       4.265495E+01
      2.118790E+00       4.239000E+01       4.265485E+01
      2.126770E+00       4.240700E+01       4.265427E+01
      2.131330E+00       4.241600E+01       4.265389E+01
      2.161751E+00       4.245800E+01       4.265176E+01
      2.179695E+00       4.247100E+01       4.265040E+01
      2.189417E+00       4.247500E+01       4.264972E+01
      2.210576E+00       4.247800E+01       4.264826E+01
      2.235067E+00       4.245100E+01       4.264650E+01
      2.256132E+00       4.244000E+01       4.264503E+01
      2.278435E+00       4.242900E+01       4.264335E+01
      2.313272E+00       4.240600E+01       4.264088E+01
      2.322892E+00       4.239900E+01       4.264028E+01
      2.337116E+00       4.238800E+01       4.263919E+01
      2.337116E+00       4.238800E+01       4.263919E+01
      2.337117E+00       4.238400E+01       4.263919E+01
      2.337119E+00       4.238400E+01       4.263919E+01
      2.337120E+00       4.238400E+01       4.263919E+01
      2.337122E+00       4.238400E+01       4.263919E+01
      2.337125E+00       4.238400E+01       4.263919E+01
      2.337129E+00       4.238500E+01       4.263919E+01
      2.337132E+00       4.238500E+01       4.263919E+01
      2.337140E+00       4.238500E+01       4.263919E+01
      2.337152E+00       4.238500E+01       4.263919E+01
      2.337173E+00       4.238500E+01       4.263919E+01
      2.337192E+00       4.238500E+01       4.263919E+01
      2.337196E+00       4.238500E+01       4.263919E+01
      2.337206E+00       4.238500E+01       4.263919E+01
      2.337217E+00       4.238500E+01       4.263919E+01
      2.337236E+00       4.238500E+01       4.263919E+01
      2.337245E+00       4.238500E+01       4.263919E+01
      2.337315E+00       4.238500E+01       4.263919E+01
      2.337395E+00       4.238500E+01       4.263919E+01
      2.337419E+00       4.238500E+01       4.263919E+01
      2.337436E+00       4.238600E+01       4.263919E+01
      2.337461E+00       4.238600E+01       4.263919E+01
      2.337487E+00       4.238600E+01       4.263919E+01
      2.337542E+00       4.238600E+01       4.263919E+01
      2.337616E+00       4.238600E+01       4.263919E+01
      2.337664E+00       4.238600E+01       4.263919E+01
      2.337700E+00       4.238600E+01       4.263919E+01
      2.337740E+00       4.238600E+01       4.263919E+01
      2.337770E+00       4.238700E+01       4.263919E+01
      2.337830E+00       4.238700E+01       4.263919E+01
      2.337918E+00       4.238700E+01       4.263919E+01
      2.338003E+00       4.238700E+01       4.263919E+01
      2.338050E+00       4.238700E+01       4.263919E+01
      2.338103E+00       4.238700E+01       4.263919E+01
      2.338130E+00       4.238700E+01       4.263919E+01
      2.338165E+00       4.238700E+01       4.263919E+01
      2.338323E+00       4.238700E+01       4.263909E+01
      2.338414E+00       4.238700E+01       4.263909E+01
      2.338455E+00       4.238700E+01       4.263909E+01
      2.338497E+00       4.238700E+01       4.263909E+01
      2.338545E+00       4.238700E+01       4.263909E+01
      2.338769E+00       4.238800E+01       4.263909E+01
      2.338855E+00       4.238800E+01       4.263909E+01
      2.338899E+00       4.238700E+01       4.263909E+01
      2.338970E+00       4.238700E+01       4.263909E+01
      2.339026E+00       4.238700E+01       4.263909E+01
      2.339096E+00       4.238700E+01       4.263909E+01
      2.339265E+00       4.238800E+01       4.263909E+01
      2.339339E+00       4.238800E+01       4.263899E+01
      2.339427E+00       4.238800E+01       4.263909E+01
      2.339503E+00       4.238800E+01       4.263909E+01
      2.339580E+00       4.238800E+01       4.263909E+01
      2.339731E+00       4.238800E+01       4.263899E+01
      2.339809E+00       4.238800E+01       4.263899E+01
      2.339863E+00       4.238800E+01       4.263899E+01
      2.339938E+00       4.238800E+01       4.263899E+01
      2.340213E+00       4.238800E+01       4.263899E+01
      2.340305E+00       4.238800E+01       4.263899E+01
      2.340353E+00       4.238800E+01       4.263899E+01
      2.340451E+00       4.238800E+01       4.263899E+01
      2.340501E+00       4.238800E+01       4.263899E+01
      2.340799E+00       4.238800E+01       4.263899E+01
      2.340894E+00       4.238800E+01       4.263899E+01
      2.340973E+00       4.238800E+01       4.263899E+01
      2.341078E+00       4.238800E+01       4.263889E+01
      2.341310E+00       4.238800E+01       4.263889E+01
      2.341472E+00       4.238700E+01       4.263889E+01
      2.341541E+00       4.238700E+01       4.263889E+01
      2.341606E+00       4.238700E+01       4.263889E+01
      2.341756E+00       4.238700E+01       4.263889E+01
      2.341986E+00       4.238700E+01       4.263889E+01
      2.342165E+00       4.238700E+01       4.263889E+01
      2.342264E+00       4.238700E+01       4.263889E+01
      2.342354E+00       4.238800E+01       4.263889E+01
      2.342511E+00       4.238700E+01       4.263879E+01
      2.342754E+00       4.238700E+01       4.263879E+01
      2.342954E+00       4.238700E+01       4.263879E+01
      2.343052E+00       4.238700E+01       4.263879E+01
      2.343115E+00       4.238700E+01       4.263879E+01
      2.343325E+00       4.238700E+01       4.263879E+01
      2.343707E+00       4.238700E+01       4.263879E+01
      2.343791E+00       4.238700E+01       4.263879E+01
      2.343877E+00       4.238700E+01       4.263869E+01
      2.344058E+00       4.238700E+01       4.263869E+01
      2.344135E+00       4.238700E+01       4.263869E+01
      2.344418E+00       4.238600E+01       4.263869E+01
      2.344601E+00       4.238600E+01       4.263869E+01
      2.344707E+00       4.238600E+01       4.263869E+01
      2.344793E+00       4.238600E+01       4.263869E+01
      2.345070E+00       4.238600E+01       4.263869E+01
      2.345453E+00       4.238600E+01       4.263859E+01
      2.345606E+00       4.238600E+01       4.263859E+01
      2.345663E+00       4.238600E+01       4.263859E+01
      2.345922E+00       4.238600E+01       4.263859E+01
      2.346196E+00       4.238600E+01       4.263859E+01
      2.346474E+00       4.238500E+01       4.263859E+01
      2.346581E+00       4.238500E+01       4.263849E+01
      2.346869E+00       4.238500E+01       4.263849E+01
      2.347146E+00       4.238400E+01       4.263849E+01
      2.347365E+00       4.238500E+01       4.263849E+01
      2.347514E+00       4.238400E+01       4.263849E+01
      2.347624E+00       4.238400E+01       4.263849E+01
      2.347919E+00       4.238400E+01       4.263839E+01
      2.348239E+00       4.238400E+01       4.263839E+01
      2.348368E+00       4.238400E+01       4.263839E+01
      2.348460E+00       4.238400E+01       4.263839E+01
      2.348716E+00       4.238300E+01       4.263839E+01
      2.349011E+00       4.238300E+01       4.263839E+01
      2.349195E+00       4.238300E+01       4.263839E+01
      2.349279E+00       4.238300E+01       4.263839E+01
      2.349588E+00       4.238300E+01       4.263839E+01
      2.349860E+00       4.238300E+01       4.263829E+01
      2.350109E+00       4.238300E+01       4.263829E+01
      2.350242E+00       4.238300E+01       4.263829E+01
      2.350573E+00       4.238200E+01       4.263829E+01
      2.351017E+00       4.238200E+01       4.263829E+01
      2.351254E+00       4.238200E+01       4.263819E+01
      2.351436E+00       4.238100E+01       4.263819E+01
      2.351825E+00       4.238100E+01       4.263819E+01
      2.352263E+00       4.238100E+01       4.263819E+01
      2.352441E+00       4.238100E+01       4.263819E+01
      2.352591E+00       4.238100E+01       4.263809E+01
      2.352696E+00       4.238100E+01       4.263809E+01
      2.352900E+00       4.238000E+01       4.263809E+01
      2.353078E+00       4.238000E+01       4.263809E+01
      2.353428E+00       4.238000E+01       4.263799E+01
      2.353817E+00       4.238000E+01       4.263799E+01
      2.353988E+00       4.238000E+01       4.263799E+01
      2.354087E+00       4.238000E+01       4.263799E+01
      2.354505E+00       4.237900E+01       4.263799E+01
      2.355128E+00       4.237900E+01       4.263789E+01
      2.355417E+00       4.237900E+01       4.263789E+01
      2.355677E+00       4.237800E+01       4.263789E+01
      2.356304E+00       4.237800E+01       4.263789E+01
      2.356810E+00       4.237700E+01       4.263779E+01
      2.357168E+00       4.237700E+01       4.263779E+01
      2.357311E+00       4.237700E+01       4.263779E+01
      2.358116E+00       4.237600E+01       4.263769E+01
      2.358774E+00       4.237600E+01       4.263769E+01
      2.358965E+00       4.237600E+01       4.263769E+01
      2.359357E+00       4.237500E+01       4.263759E+01
      2.359688E+00       4.237500E+01       4.263759E+01
      2.360286E+00       4.237400E+01       4.263749E+01
      2.360573E+00       4.237400E+01       4.263749E+01
      2.360732E+00       4.237400E+01       4.263749E+01
      2.361309E+00       4.237400E+01       4.263749E+01
      2.361918E+00       4.237300E+01       4.263749E+01
      2.362339E+00       4.237300E+01       4.263739E+01
      2.362353E+00       4.237300E+01       4.263739E+01
      2.362476E+00       4.237300E+01       4.263739E+01
      2.363043E+00       4.237200E+01       4.263739E+01
      2.363705E+00       4.237200E+01       4.263729E+01
      2.364075E+00       4.237100E+01       4.263729E+01
      2.364322E+00       4.237100E+01       4.263729E+01
      2.364892E+00       4.237100E+01       4.263729E+01
      2.365653E+00       4.237000E+01       4.263719E+01
      2.365966E+00       4.237000E+01       4.263719E+01
      2.366185E+00       4.236900E+01       4.263719E+01
      2.367015E+00       4.236900E+01       4.263709E+01
      2.367488E+00       4.236900E+01       4.263709E+01
      2.367729E+00       4.236800E+01       4.263699E+01
      2.367904E+00       4.236800E+01       4.263699E+01
      2.368192E+00       4.236700E+01       4.263689E+01
      2.368836E+00       4.236700E+01       4.263699E+01
      2.369604E+00       4.236700E+01       4.263689E+01
      2.369973E+00       4.236600E+01       4.263689E+01
      2.370369E+00       4.236600E+01       4.263689E+01
      2.371310E+00       4.236500E+01       4.263679E+01
      2.371997E+00       4.236500E+01       4.263669E+01
      2.372161E+00       4.236400E+01       4.263669E+01
      2.372841E+00       4.236400E+01       4.263669E+01
      2.373608E+00       4.236300E+01       4.263649E+01
      2.374205E+00       4.236300E+01       4.263649E+01
      2.374523E+00       4.236200E+01       4.263649E+01
      2.375386E+00       4.236200E+01       4.263639E+01
      2.376299E+00       4.236100E+01       4.263629E+01
      2.376862E+00       4.236000E+01       4.263629E+01
      2.377077E+00       4.236000E+01       4.263629E+01
      2.377361E+00       4.236000E+01       4.263629E+01
      2.378135E+00       4.235900E+01       4.263629E+01
      2.379042E+00       4.235800E+01       4.263619E+01
      2.379772E+00       4.235800E+01       4.263619E+01
      2.380699E+00       4.235700E+01       4.263609E+01
      2.381813E+00       4.235600E+01       4.263599E+01
      2.382374E+00       4.235600E+01       4.263599E+01
      2.382945E+00       4.235500E+01       4.263589E+01
      2.384602E+00       4.235400E+01       4.263579E+01
      2.385444E+00       4.235300E+01       4.263579E+01
      2.386373E+00       4.235200E+01       4.263568E+01
      2.387738E+00       4.235100E+01       4.263558E+01
      2.388136E+00       4.235000E+01       4.263558E+01
      2.388770E+00       4.235000E+01       4.263548E+01
      2.389919E+00       4.234800E+01       4.263548E+01
      2.390858E+00       4.234800E+01       4.263538E+01
      2.391368E+00       4.234800E+01       4.263528E+01
      2.392842E+00       4.234600E+01       4.263518E+01
      2.393269E+00       4.234600E+01       4.263518E+01
      2.393969E+00       4.234500E+01       4.263518E+01
      2.395624E+00       4.234400E+01       4.263498E+01
      2.396322E+00       4.234300E+01       4.263488E+01
      2.397738E+00       4.234100E+01       4.263488E+01
      2.398505E+00       4.234100E+01       4.263478E+01
      2.398838E+00       4.234100E+01       4.263478E+01
      2.399955E+00       4.234000E+01       4.263468E+01
      2.401320E+00       4.233800E+01       4.263458E+01
      2.401704E+00       4.233800E+01       4.263458E+01
      2.402378E+00       4.233700E+01       4.263448E+01
      2.402941E+00       4.233700E+01       4.263438E+01
      2.403430E+00       4.233600E+01       4.263438E+01
      2.404115E+00       4.233600E+01       4.263438E+01
      2.405605E+00       4.233400E+01       4.263428E+01
      2.406395E+00       4.233400E+01       4.263417E+01
      2.406866E+00       4.233300E+01       4.263417E+01
      2.407692E+00       4.233200E+01       4.263417E+01
      2.409041E+00       4.233100E+01       4.263407E+01
      2.409829E+00       4.233000E+01       4.263387E+01
      2.410502E+00       4.233000E+01       4.263387E+01
      2.411999E+00       4.232900E+01       4.263377E+01
      2.412706E+00       4.232800E+01       4.263377E+01
      2.414250E+00       4.232700E+01       4.263367E+01
      2.415282E+00       4.232500E+01       4.263357E+01
      2.416035E+00       4.232500E+01       4.263347E+01
      2.417129E+00       4.232400E+01       4.263347E+01
      2.418197E+00       4.232300E+01       4.263337E+01
      2.420684E+00       4.232100E+01       4.263317E+01
      2.421725E+00       4.231900E+01       4.263317E+01
      2.422796E+00       4.231900E+01       4.263306E+01
      2.423507E+00       4.231800E+01       4.263296E+01
      2.424414E+00       4.231700E+01       4.263296E+01
      2.425170E+00       4.231600E+01       4.263286E+01
      2.427832E+00       4.231300E+01       4.263266E+01
      2.428274E+00       4.231300E+01       4.263266E+01
      2.430036E+00       4.231100E+01       4.263256E+01
      2.431093E+00       4.231000E+01       4.263246E+01
      2.431828E+00       4.230900E+01       4.263236E+01
      2.433542E+00       4.230800E+01       4.263225E+01
      2.435052E+00       4.230600E+01       4.263215E+01
      2.436037E+00       4.230500E+01       4.263205E+01
      2.438583E+00       4.230300E+01       4.263195E+01
      2.439519E+00       4.230200E+01       4.263185E+01
      2.440391E+00       4.230100E+01       4.263175E+01
      2.441712E+00       4.230000E+01       4.263165E+01
      2.443071E+00       4.229900E+01       4.263155E+01
      2.445105E+00       4.229700E+01       4.263144E+01
      2.446053E+00       4.229600E+01       4.263134E+01
      2.447658E+00       4.229400E+01       4.263124E+01
      2.450623E+00       4.229100E+01       4.263104E+01
      2.452615E+00       4.228900E+01       4.263094E+01
      2.453510E+00       4.228800E+01       4.263083E+01
      2.455576E+00       4.228600E+01       4.263063E+01
      2.457331E+00       4.228500E+01       4.263053E+01
      2.458353E+00       4.228400E+01       4.263043E+01
      2.461148E+00       4.228100E+01       4.263022E+01
      2.463052E+00       4.227900E+01       4.263012E+01
      2.464312E+00       4.227900E+01       4.263002E+01
      2.467629E+00       4.227500E+01       4.262972E+01
      2.469464E+00       4.227300E+01       4.262972E+01
      2.472755E+00       4.227000E+01       4.262951E+01
      2.475093E+00       4.226800E+01       4.262931E+01
      2.477376E+00       4.226600E+01       4.262910E+01
      2.481618E+00       4.226200E+01       4.262880E+01
      2.485023E+00       4.225800E+01       4.262859E+01
      2.487554E+00       4.225600E+01       4.262839E+01
      2.489365E+00       4.225400E+01       4.262829E+01
      2.490971E+00       4.225200E+01       4.262818E+01
      2.493074E+00       4.225000E+01       4.262798E+01
      2.497144E+00       4.224600E+01       4.262767E+01
      2.499029E+00       4.224400E+01       4.262747E+01
      2.501891E+00       4.224100E+01       4.262737E+01
      2.507043E+00       4.223600E+01       4.262696E+01
      2.510419E+00       4.223200E+01       4.262685E+01
      2.512896E+00       4.223000E+01       4.262665E+01
      2.515994E+00       4.222700E+01       4.262644E+01
      2.517726E+00       4.222600E+01       4.262624E+01
      2.520533E+00       4.222300E+01       4.262603E+01
      2.523029E+00       4.222100E+01       4.262593E+01
      2.525882E+00       4.221700E+01       4.262572E+01
      2.528060E+00       4.221500E+01       4.262552E+01
      2.531081E+00       4.221300E+01       4.262531E+01
      2.534054E+00       4.220900E+01       4.262511E+01
      2.535599E+00       4.220800E+01       4.262500E+01
      2.538821E+00       4.220400E+01       4.262480E+01
      2.541821E+00       4.220200E+01       4.262459E+01
      2.544334E+00       4.219900E+01       4.262439E+01
      2.547277E+00       4.219600E+01       4.262418E+01
      2.549045E+00       4.219400E+01       4.262408E+01
      2.552666E+00       4.219100E+01       4.262377E+01
      2.554419E+00       4.218900E+01       4.262366E+01
      2.556291E+00       4.218700E+01       4.262346E+01
      2.559444E+00       4.218400E+01       4.262325E+01
      2.561658E+00       4.218200E+01       4.262315E+01
      2.564444E+00       4.217900E+01       4.262294E+01
      2.567217E+00       4.217600E+01       4.262273E+01
      2.569446E+00       4.217400E+01       4.262252E+01
      2.571103E+00       4.217200E+01       4.262242E+01
      2.573212E+00       4.217000E+01       4.262232E+01
      2.575680E+00       4.216800E+01       4.262211E+01
      2.578162E+00       4.216500E+01       4.262190E+01
      2.579641E+00       4.216400E+01       4.262180E+01
      2.582018E+00       4.216100E+01       4.262170E+01
      2.583687E+00       4.216000E+01       4.262149E+01
      2.586426E+00       4.215700E+01       4.262128E+01
      2.589767E+00       4.215400E+01       4.262107E+01
      2.591392E+00       4.215200E+01       4.262097E+01
      2.594434E+00       4.214900E+01       4.262076E+01
      2.596890E+00       4.214700E+01       4.262055E+01
      2.600639E+00       4.214300E+01       4.262034E+01
      2.603590E+00       4.213900E+01       4.262014E+01
      2.606631E+00       4.213600E+01       4.261982E+01
      2.610643E+00       4.213300E+01       4.261962E+01
      2.613422E+00       4.213000E+01       4.261941E+01
      2.615286E+00       4.212800E+01       4.261920E+01
      2.618537E+00       4.212500E+01       4.261899E+01
      2.620325E+00       4.212400E+01       4.261888E+01
      2.623975E+00       4.212000E+01       4.261857E+01
      2.627651E+00       4.211700E+01       4.261826E+01
      2.631075E+00       4.211400E+01       4.261805E+01
      2.632127E+00       4.211300E+01       4.261794E+01
      2.634499E+00       4.211100E+01       4.261773E+01
      2.639027E+00       4.210600E+01       4.261742E+01
      2.641108E+00       4.210400E+01       4.261731E+01
      2.644335E+00       4.210200E+01       4.261721E+01
      2.644848E+00       4.210100E+01       4.261721E+01
      2.646807E+00       4.210000E+01       4.261700E+01
      2.652736E+00       4.209400E+01       4.261658E+01
      2.656450E+00       4.209000E+01       4.261637E+01
      2.658716E+00       4.208800E+01       4.261616E+01
      2.660356E+00       4.208700E+01       4.261606E+01
      2.664051E+00       4.208300E+01       4.261584E+01
      2.670389E+00       4.207800E+01       4.261532E+01
      2.673048E+00       4.207500E+01       4.261511E+01
      2.675984E+00       4.207300E+01       4.261490E+01
      2.682197E+00       4.206700E+01       4.261448E+01
      2.685002E+00       4.206500E+01       4.261426E+01
      2.687449E+00       4.206300E+01       4.261416E+01
      2.690661E+00       4.206000E+01       4.261384E+01
      2.696635E+00       4.205500E+01       4.261342E+01
      2.699832E+00       4.205200E+01       4.261321E+01
      2.702898E+00       4.204900E+01       4.261300E+01
      2.708494E+00       4.204400E+01       4.261257E+01
      2.709809E+00       4.204300E+01       4.261247E+01
      2.712485E+00       4.204100E+01       4.261236E+01
      2.714875E+00       4.203900E+01       4.261215E+01
      2.720079E+00       4.203400E+01       4.261172E+01
      2.722676E+00       4.203200E+01       4.261162E+01
      2.724365E+00       4.203100E+01       4.261140E+01
      2.727455E+00       4.202800E+01       4.261119E+01
      2.731200E+00       4.202600E+01       4.261098E+01
      2.734206E+00       4.202300E+01       4.261077E+01
      2.736657E+00       4.202100E+01       4.261066E+01
      2.739828E+00       4.201800E+01       4.261045E+01
      2.743472E+00       4.201500E+01       4.261023E+01
      2.746588E+00       4.201300E+01       4.260991E+01
      2.748795E+00       4.201100E+01       4.260981E+01
      2.752395E+00       4.200800E+01       4.260959E+01
      2.757562E+00       4.200400E+01       4.260917E+01
      2.760742E+00       4.200100E+01       4.260895E+01
      2.765697E+00       4.199800E+01       4.260863E+01
      2.769690E+00       4.199500E+01       4.260831E+01
      2.771863E+00       4.199300E+01       4.260821E+01
      2.780257E+00       4.198600E+01       4.260767E+01
      2.784786E+00       4.198300E+01       4.260735E+01
      2.788034E+00       4.198100E+01       4.260713E+01
      2.794408E+00       4.197600E+01       4.260670E+01
      2.797764E+00       4.197400E+01       4.260649E+01
      2.802301E+00       4.197100E+01       4.260617E+01
      2.804334E+00       4.196900E+01       4.260595E+01
      2.806081E+00       4.196800E+01       4.260584E+01
      2.812828E+00       4.196300E+01       4.260541E+01
      2.816334E+00       4.196100E+01       4.260509E+01
      2.821153E+00       4.195700E+01       4.260477E+01
      2.822930E+00       4.195600E+01       4.260466E+01
      2.824759E+00       4.195500E+01       4.260455E+01
      2.828489E+00       4.195200E+01       4.260433E+01
      2.831863E+00       4.195000E+01       4.260401E+01
      2.836077E+00       4.194700E+01       4.260379E+01
      2.837020E+00       4.194700E+01       4.260369E+01
      2.839689E+00       4.194500E+01       4.260347E+01
      2.840326E+00       4.194500E+01       4.260347E+01
      2.842200E+00       4.194300E+01       4.260336E+01
      2.845346E+00       4.194100E+01       4.260314E+01
      2.855430E+00       4.193500E+01       4.260239E+01
      2.858312E+00       4.193300E+01       4.260217E+01
      2.859846E+00       4.193200E+01       4.260206E+01
      2.864403E+00       4.192900E+01       4.260173E+01
      2.868262E+00       4.192700E+01       4.260152E+01
      2.877235E+00       4.192100E+01       4.260086E+01
      2.882100E+00       4.191800E+01       4.260054E+01
      2.888174E+00       4.191400E+01       4.260010E+01
      2.890194E+00       4.191300E+01       4.259988E+01
      2.894761E+00       4.191000E+01       4.259956E+01
      2.901339E+00       4.190700E+01       4.259912E+01
      2.908707E+00       4.190300E+01       4.259857E+01
      2.914170E+00       4.190000E+01       4.259824E+01
      2.918088E+00       4.189700E+01       4.259791E+01
      2.921551E+00       4.189600E+01       4.259770E+01
      2.923280E+00       4.189500E+01       4.259759E+01
      2.923738E+00       4.189400E+01       4.259748E+01
      2.924519E+00       4.189400E+01       4.259748E+01
      2.928972E+00       4.189100E+01       4.259715E+01
      2.939696E+00       4.188600E+01       4.259638E+01
      2.943433E+00       4.188400E+01       4.259616E+01
      2.947266E+00       4.188200E+01       4.259583E+01
      2.953259E+00       4.187900E+01       4.259550E+01
      2.960916E+00       4.187500E+01       4.259494E+01
      2.964525E+00       4.187300E+01       4.259461E+01
      2.965298E+00       4.187300E+01       4.259461E+01
      2.966337E+00       4.187200E+01       4.259450E+01
      2.968849E+00       4.187100E+01       4.259439E+01
      2.975408E+00       4.186800E+01       4.259395E+01
      2.981950E+00       4.186500E+01       4.259340E+01
      2.988376E+00       4.186200E+01       4.259295E+01
      2.990076E+00       4.186100E+01       4.259284E+01
      2.994488E+00       4.185900E+01       4.259262E+01
      2.997468E+00       4.185700E+01       4.259240E+01
      2.998471E+00       4.185700E+01       4.259229E+01
      3.002945E+00       4.185500E+01       4.259195E+01
      3.013015E+00       4.185000E+01       4.259129E+01
      3.018094E+00       4.184800E+01       4.259095E+01
      3.023112E+00       4.184600E+01       4.259062E+01
      3.030951E+00       4.184300E+01       4.259006E+01
      3.036031E+00       4.184100E+01       4.258973E+01
      3.039587E+00       4.183900E+01       4.258950E+01
      3.046531E+00       4.183600E+01       4.258894E+01
      3.052004E+00       4.183400E+01       4.258861E+01
      3.055258E+00       4.183300E+01       4.258838E+01
      3.061799E+00       4.183000E+01       4.258794E+01
      3.067763E+00       4.182800E+01       4.258749E+01
      3.073680E+00       4.182500E+01       4.258715E+01
      3.082009E+00       4.182200E+01       4.258659E+01
      3.088087E+00       4.182000E+01       4.258614E+01
      3.093454E+00       4.181800E+01       4.258580E+01
      3.098195E+00       4.181600E+01       4.258546E+01
      3.110380E+00       4.181200E+01       4.258456E+01
      3.117415E+00       4.180900E+01       4.258410E+01
      3.124389E+00       4.180600E+01       4.258365E+01
      3.129819E+00       4.180400E+01       4.258331E+01
      3.134776E+00       4.180200E+01       4.258297E+01
      3.140638E+00       4.180000E+01       4.258252E+01
      3.148806E+00       4.179800E+01       4.258195E+01
      3.154815E+00       4.179500E+01       4.258149E+01
      3.162435E+00       4.179300E+01       4.258104E+01
      3.171091E+00       4.178900E+01       4.258047E+01
      3.179702E+00       4.178600E+01       4.257967E+01
      3.186887E+00       4.178400E+01       4.257921E+01
      3.197433E+00       4.178000E+01       4.257852E+01
      3.203669E+00       4.177800E+01       4.257807E+01
      3.215394E+00       4.177400E+01       4.257726E+01
      3.226421E+00       4.177000E+01       4.257657E+01
      3.236602E+00       4.176600E+01       4.257576E+01
      3.244814E+00       4.176400E+01       4.257519E+01
      3.255224E+00       4.176000E+01       4.257449E+01
      3.262105E+00       4.175700E+01       4.257403E+01
      3.268412E+00       4.175500E+01       4.257357E+01
      3.279498E+00       4.175100E+01       4.257287E+01
      3.287407E+00       4.174800E+01       4.257229E+01
      3.297569E+00       4.174500E+01       4.257159E+01
      3.306131E+00       4.174200E+01       4.257078E+01
      3.315624E+00       4.173800E+01       4.257019E+01
      3.325257E+00       4.173400E+01       4.256961E+01
      3.334679E+00       4.173100E+01       4.256891E+01
      3.339103E+00       4.172900E+01       4.256867E+01
      3.349525E+00       4.172600E+01       4.256797E+01
      3.360335E+00       4.172100E+01       4.256726E+01
      3.369007E+00       4.171800E+01       4.256667E+01
      3.383918E+00       4.171300E+01       4.256561E+01
      3.392792E+00       4.170900E+01       4.256502E+01
      3.396534E+00       4.170700E+01       4.256478E+01
      3.405849E+00       4.170400E+01       4.256419E+01
      3.416226E+00       4.170000E+01       4.256348E+01
      3.428184E+00       4.169500E+01       4.256265E+01
      3.439827E+00       4.169000E+01       4.256182E+01
      3.454308E+00       4.168400E+01       4.256086E+01
      3.469319E+00       4.167800E+01       4.255991E+01
      3.480298E+00       4.167400E+01       4.255907E+01
      3.498739E+00       4.166600E+01       4.255787E+01
      3.512128E+00       4.166000E+01       4.255691E+01
      3.527452E+00       4.165400E+01       4.255594E+01
      3.542131E+00       4.164800E+01       4.255485E+01
      3.549737E+00       4.164500E+01       4.255437E+01
      3.563212E+00       4.163900E+01       4.255352E+01
      3.575867E+00       4.163400E+01       4.255267E+01
      3.587835E+00       4.162900E+01       4.255182E+01
      3.594845E+00       4.162600E+01       4.255133E+01
      3.608466E+00       4.162000E+01       4.255035E+01
      3.615321E+00       4.161700E+01       4.254986E+01
      3.621617E+00       4.161400E+01       4.254949E+01
      3.628618E+00       4.161100E+01       4.254900E+01
      3.641576E+00       4.160600E+01       4.254814E+01
      3.651326E+00       4.160200E+01       4.254741E+01
      3.682350E+00       4.158900E+01       4.254531E+01
      3.702823E+00       4.158000E+01       4.254432E+01
      3.721816E+00       4.157200E+01       4.254295E+01
      3.749579E+00       4.156000E+01       4.254108E+01
      3.769306E+00       4.155200E+01       4.253983E+01
      3.799095E+00       4.153900E+01       4.253782E+01
      3.819894E+00       4.153000E+01       4.253643E+01
      3.854277E+00       4.151600E+01       4.253415E+01
      3.887054E+00       4.150100E+01       4.253199E+01
      3.922839E+00       4.148600E+01       4.252956E+01
      3.950151E+00       4.147300E+01       4.252763E+01
      3.987859E+00       4.145700E+01       4.252530E+01
      4.022180E+00       4.144400E+01       4.252297E+01
      4.036462E+00       4.143800E+01       4.252205E+01
      4.065558E+00       4.142700E+01       4.252009E+01
      4.100157E+00       4.141400E+01       4.251799E+01
      4.160449E+00       4.139300E+01       4.251402E+01
      4.211423E+00       4.137600E+01       4.251068E+01
      4.273934E+00       4.135800E+01       4.250651E+01
      4.331419E+00       4.134200E+01       4.250284E+01
      4.389123E+00       4.132700E+01       4.249900E+01
      4.452795E+00       4.131300E+01       4.249485E+01
      4.533834E+00       4.129700E+01       4.248968E+01
      4.707450E+00       4.127100E+01       4.247842E+01
      4.857746E+00       4.125200E+01       4.246938E+01
      4.975212E+00       4.123900E+01       4.246240E+01
      5.149064E+00       4.121900E+01       4.245163E+01
      5.360068E+00       4.120300E+01       4.243886E+01
      5.584759E+00       4.121000E+01       4.242537E+01
      5.777044E+00       4.123800E+01       4.241397E+01
      6.050091E+00       4.130300E+01       4.239811E+01
      6.246274E+00       4.137000E+01       4.238686E+01
      6.645210E+00       4.150100E+01       4.236474E+01
      7.036957E+00       4.164600E+01       4.234361E+01
      7.347957E+00       4.177000E+01       4.232715E+01
      7.597248E+00       4.188200E+01       4.231450E+01
      7.869836E+00       4.201400E+01       4.230081E+01
      8.100144E+00       4.213800E+01       4.228959E+01
      8.233963E+00       4.221300E+01       4.228307E+01
      8.376822E+00       4.229600E+01       4.227646E+01
      8.648040E+00       4.246000E+01       4.226387E+01
      8.906077E+00       4.260800E+01       4.225212E+01
      9.083478E+00       4.270600E+01       4.224428E+01
      9.297419E+00       4.281900E+01       4.223477E+01
      9.528054E+00       4.293300E+01       4.222505E+01
      9.799543E+00       4.305400E+01       4.221378E+01
      1.014004E+01       4.318700E+01       4.220030E+01
      1.038849E+01       4.327200E+01       4.219061E+01
      1.064731E+01       4.335000E+01       4.218070E+01
      1.087871E+01       4.341200E+01       4.217231E+01
      1.119401E+01       4.348200E+01       4.216107E+01
      1.148456E+01       4.353700E+01       4.215106E+01
      1.189135E+01       4.359600E+01       4.213767E+01
      1.222907E+01       4.363300E+01       4.212710E+01
      1.267981E+01       4.366700E+01       4.211394E+01
      1.286464E+01       4.367600E+01       4.210857E+01
      1.392776E+01       4.369300E+01       4.208027E+01
      1.492800E+01       4.366900E+01       4.205767E+01
      1.600249E+01       4.362200E+01       4.203583E+01
      1.703672E+01       4.357200E+01       4.201745E+01
      1.805861E+01       4.352500E+01       4.200217E+01
      1.890559E+01       4.349000E+01       4.199114E+01
      1.890886E+01       4.348900E+01       4.199109E+01
      1.893966E+01       4.348800E+01       4.199069E+01
      1.967337E+01       4.345900E+01       4.198137E+01
      2.067649E+01       4.342000E+01       4.196997E+01
      2.083552E+01       4.341400E+01       4.196825E+01
      2.093243E+01       4.341000E+01       4.196722E+01
      2.093679E+01       4.341000E+01       4.196717E+01
      2.119990E+01       4.339900E+01       4.196431E+01
      2.160393E+01       4.338400E+01       4.196023E+01
      2.255260E+01       4.335300E+01       4.195066E+01
      2.362346E+01       4.332300E+01       4.193992E+01
      2.383317E+01       4.331800E+01       4.193937E+01
      2.389065E+01       4.331600E+01       4.193887E+01
      2.390056E+01       4.331600E+01       4.193877E+01
      2.391159E+01       4.331500E+01       4.193867E+01
      2.478810E+01       4.329400E+01       4.193008E+01
      2.593533E+01       4.326400E+01       4.192018E+01
      2.719805E+01       4.322700E+01       4.190945E+01
      2.833308E+01       4.318600E+01       4.190064E+01
      2.955181E+01       4.313300E+01       4.189170E+01
      3.077055E+01       4.307100E+01       4.188252E+01
      3.198928E+01       4.300100E+01       4.187309E+01
      3.320801E+01       4.292600E+01       4.186338E+01
      3.442674E+01       4.285300E+01       4.185315E+01
      3.564548E+01       4.277800E+01       4.184273E+01
      3.686421E+01       4.270300E+01       4.183168E+01
      3.808294E+01       4.263100E+01       4.182014E+01
      3.930167E+01       4.255900E+01       4.180808E+01
      4.052040E+01       4.249100E+01       4.179553E+01
      4.173913E+01       4.242800E+01       4.178197E+01
      4.295786E+01       4.237300E+01       4.176834E+01
      4.417659E+01       4.232500E+01       4.175420E+01
      4.539533E+01       4.228200E+01       4.173957E+01
      4.661406E+01       4.224300E+01       4.172452E+01
      4.752810E+01       4.221000E+01       4.171299E+01
